0	0	0.726799
0.508475	0	1.41872
1.01695	0	2.36801
1.52542	0	3.04629
2.0339	0	3.20306
2.54237	0	2.81799
3.05085	0	1.96638
3.55932	0	0.803723
4.0678	0	-0.475322
4.57627	0	-1.68889
5.08475	0	-2.70921
5.59322	0	-3.47771
6.10169	0	-3.99531
6.61017	0	-4.30019
7.11864	0	-4.44538
7.62712	0	-4.48299
8.13559	0	-4.45613
8.64407	0	-4.39646
9.15254	0	-4.32519
9.66102	0	-4.25522
10.1695	0	-4.19351
10.678	0	-4.14307
11.1864	0	-4.1045
11.6949	0	-4.07705
12.2034	0	-4.05927
12.7119	0	-4.04946
13.2203	0	-4.04594
13.7288	0	-4.04715
14.2373	0	-4.05174
14.7458	0	-4.05857
15.2542	0	-4.06671
15.7627	0	-4.07542
16.2712	0	-4.08413
16.7797	0	-4.09242
17.2881	0	-4.09998
17.7966	0	-4.1066
18.3051	0	-4.11215
18.8136	0	-4.11656
19.322	0	-4.11981
19.8305	0	-4.12191
20.339	0	-4.1229
20.8475	0	-4.12283
21.3559	0	-4.12176
21.8644	0	-4.11974
22.3729	0	-4.11683
22.8814	0	-4.11304
23.3898	0	-4.10835
23.8983	0	-4.10269
24.4068	0	-4.09593
24.9153	0	-4.08787
25.4237	0	-4.07817
25.9322	0	-4.06641
26.4407	0	-4.05186
26.9492	0	-4.03343
27.4576	0	-4.00891
27.9661	0	-3.9744
28.4746	0	-3.91573
28.9831	0	-3.8244
29.4915	0	-3.24684
30	0	-3

0	0.0714286	0.0348801
0.508475	0.0714286	0.85861
1.01695	0.0714286	1.36736
1.52542	0.0714286	1.51925
2.0339	0.0714286	1.31833
2.54237	0.0714286	0.842164
3.05085	0.0714286	0.18486
3.55932	0.0714286	-0.561831
4.0678	0.0714286	-1.31763
4.57627	0.0714286	-2.01898
5.08475	0.0714286	-2.62107
5.59322	0.0714286	-3.0988
6.10169	0.0714286	-3.44624
6.61017	0.0714286	-3.67341
7.11864	0.0714286	-3.80071
7.62712	0.0714286	-3.85281
8.13559	0.0714286	-3.85364
8.64407	0.0714286	-3.82342
9.15254	0.0714286	-3.77753
9.66102	0.0714286	-3.72664
10.1695	0.0714286	-3.6775
10.678	0.0714286	-3.6339
11.1864	0.0714286	-3.59758
11.6949	0.0714286	-3.56896
12.2034	0.0714286	-3.54762
12.7119	0.0714286	-3.53277
13.2203	0.0714286	-3.5234
13.7288	0.0714286	-3.51847
14.2373	0.0714286	-3.517
14.7458	0.0714286	-3.51812
15.2542	0.0714286	-3.52107
15.7627	0.0714286	-3.52521
16.2712	0.0714286	-3.53002
16.7797	0.0714286	-3.53508
17.2881	0.0714286	-3.54008
17.7966	0.0714286	-3.54478
18.3051	0.0714286	-3.54899
18.8136	0.0714286	-3.5526
19.322	0.0714286	-3.55554
19.8305	0.0714286	-3.55776
20.339	0.0714286	-3.55925
20.8475	0.0714286	-3.56003
21.3559	0.0714286	-3.5601
21.8644	0.0714286	-3.5595
22.3729	0.0714286	-3.55825
22.8814	0.0714286	-3.55636
23.3898	0.0714286	-3.55385
23.8983	0.0714286	-3.55067
24.4068	0.0714286	-3.54677
24.9153	0.0714286	-3.54203
25.4237	0.0714286	-3.53629
25.9322	0.0714286	-3.52928
26.4407	0.0714286	-3.52067
26.9492	0.0714286	-3.50978
27.4576	0.0714286	-3.49586
27.9661	0.0714286	-3.47585
28.4746	0.0714286	-3.44784
28.9831	0.0714286	-3.38658
29.4915	0.0714286	-3.0646
30	0.0714286	-2.57143

0	0.142857	0.1018
0.508475	0.142857	0.296151
1.01695	0.142857	0.198606
1.52542	0.142857	-0.171798
2.0339	0.142857	-0.660434
2.54237	0.142857	-1.15281
3.05085	0.142857	-1.58279
3.55932	0.142857	-1.92928
4.0678	0.142857	-2.20232
4.57627	0.142857	-2.42462
5.08475	0.142857	-2.61551
5.59322	0.142857	-2.78342
6.10169	0.142857	-2.9271
6.61017	0.142857	-3.04135
7.11864	0.142857	-3.12237
7.62712	0.142857	-3.17044
8.13559	0.142857	-3.18968
8.64407	0.142857	-3.18656
9.15254	0.142857	-3.16811
9.66102	0.142857	-3.14076
10.1695	0.142857	-3.10959
10.678	0.142857	-3.0783
11.1864	0.142857	-3.04927
11.6949	0.142857	-3.02384
12.2034	0.142857	-3.00261
12.7119	0.142857	-2.98565
13.2203	0.142857	-2.97272
13.7288	0.142857	-2.96338
14.2373	0.142857	-2.95711
14.7458	0.142857	-2.95338
15.2542	0.142857	-2.95167
15.7627	0.142857	-2.95152
16.2712	0.142857	-2.9525
16.7797	0.142857	-2.95426
17.2881	0.142857	-2.9565
17.7966	0.142857	-2.95899
18.3051	0.142857	-2.96153
18.8136	0.142857	-2.96398
19.322	0.142857	-2.96621
19.8305	0.142857	-2.96814
20.339	0.142857	-2.96973
20.8475	0.142857	-2.97093
21.3559	0.142857	-2.97172
21.8644	0.142857	-2.9721
22.3729	0.142857	-2.97206
22.8814	0.142857	-2.97161
23.3898	0.142857	-2.97074
23.8983	0.142857	-2.96945
24.4068	0.142857	-2.96772
24.9153	0.142857	-2.96548
25.4237	0.142857	-2.9627
25.9322	0.142857	-2.95919
26.4407	0.142857	-2.95499
26.9492	0.142857	-2.94937
27.4576	0.142857	-2.94317
27.9661	0.142857	-2.93264
28.4746	0.142857	-2.92396
28.9831	0.142857	-2.89473
29.4915	0.142857	-2.79227
30	0.142857	-2.14286

0	0.214286	0.178998
0.508475	0.214286	-0.285326
1.01695	0.214286	-1.01684
1.52542	0.214286	-1.75904
2.0339	0.214286	-2.36854
2.54237	0.214286	-2.77836
3.05085	0.214286	-2.98018
3.55932	0.214286	-3.00876
4.0678	0.214286	-2.92375
4.57627	0.214286	-2.78934
5.08475	0.214286	-2.65723
5.59322	0.214286	-2.55786
6.10169	0.214286	-2.50051
6.61017	0.214286	-2.47937
7.11864	0.214286	-2.48164
7.62712	0.214286	-2.49408
8.13559	0.214286	-2.50673
8.64407	0.214286	-2.51398
9.15254	0.214286	-2.51387
9.66102	0.214286	-2.50683
10.1695	0.214286	-2.49453
10.678	0.214286	-2.47896
11.1864	0.214286	-2.46197
11.6949	0.214286	-2.44503
12.2034	0.214286	-2.42914
12.7119	0.214286	-2.41496
13.2203	0.214286	-2.40281
13.7288	0.214286	-2.39277
14.2373	0.214286	-2.38477
14.7458	0.214286	-2.37865
15.2542	0.214286	-2.37418
15.7627	0.214286	-2.37114
16.2712	0.214286	-2.36926
16.7797	0.214286	-2.36833
17.2881	0.214286	-2.36814
17.7966	0.214286	-2.3685
18.3051	0.214286	-2.36925
18.8136	0.214286	-2.37026
19.322	0.214286	-2.37141
19.8305	0.214286	-2.37261
20.339	0.214286	-2.37378
20.8475	0.214286	-2.37488
21.3559	0.214286	-2.37584
21.8644	0.214286	-2.37664
22.3729	0.214286	-2.37726
22.8814	0.214286	-2.37767
23.3898	0.214286	-2.37786
23.8983	0.214286	-2.37783
24.4068	0.214286	-2.37758
24.9153	0.214286	-2.37707
25.4237	0.214286	-2.37636
25.9322	0.214286	-2.37522
26.4407	0.214286	-2.37413
26.9492	0.214286	-2.37176
27.4576	0.214286	-2.37116
27.9661	0.214286	-2.36471
28.4746	0.214286	-2.37082
28.9831	0.214286	-2.34483
29.4915	0.214286	-2.3888
30	0.214286	-1.71429

0	0.285714	0.247971
0.508475	0.285714	-0.966574
1.01695	0.285714	-2.27353
1.52542	0.285714	-3.17388
2.0339	0.285714	-3.71362
2.54237	0.285714	-3.92931
3.05085	0.285714	-3.87385
3.55932	0.285714	-3.6233
4.0678	0.285714	-3.26585
4.57627	0.285714	-2.88278
5.08475	0.285714	-2.53379
5.59322	0.285714	-2.25242
6.10169	0.285714	-2.04937
6.61017	0.285714	-1.91914
7.11864	0.285714	-1.84718
7.62712	0.285714	-1.81599
8.13559	0.285714	-1.80943
8.64407	0.285714	-1.81493
9.15254	0.285714	-1.8241
9.66102	0.285714	-1.83218
10.1695	0.285714	-1.83704
10.678	0.285714	-1.83824
11.1864	0.285714	-1.83623
11.6949	0.285714	-1.83181
12.2034	0.285714	-1.82586
12.7119	0.285714	-1.81911
13.2203	0.285714	-1.81218
13.7288	0.285714	-1.80549
14.2373	0.285714	-1.79932
14.7458	0.285714	-1.79383
15.2542	0.285714	-1.78911
15.7627	0.285714	-1.78517
16.2712	0.285714	-1.78199
16.7797	0.285714	-1.77952
17.2881	0.285714	-1.77769
17.7966	0.285714	-1.77642
18.3051	0.285714	-1.77565
18.8136	0.285714	-1.77529
19.322	0.285714	-1.77527
19.8305	0.285714	-1.77552
20.339	0.285714	-1.77598
20.8475	0.285714	-1.77659
21.3559	0.285714	-1.7773
21.8644	0.285714	-1.77806
22.3729	0.285714	-1.77883
22.8814	0.285714	-1.77959
23.3898	0.285714	-1.78032
23.8983	0.285714	-1.78098
24.4068	0.285714	-1.78161
24.9153	0.285714	-1.78214
25.4237	0.285714	-1.78273
25.9322	0.285714	-1.78302
26.4407	0.285714	-1.78392
26.9492	0.285714	-1.78326
27.4576	0.285714	-1.7865
27.9661	0.285714	-1.78045
28.4746	0.285714	-1.7983
28.9831	0.285714	-1.75757
29.4915	0.285714	-1.87308
30	0.285714	-1.28571

0	0.357143	0.286682
0.508475	0.357143	-2.04292
1.01695	0.357143	-3.69342
1.52542	0.357143	-4.41993
2.0339	0.357143	-4.65958
2.54237	0.357143	-4.54456
3.05085	0.357143	-4.16863
3.55932	0.357143	-3.63634
4.0678	0.357143	-3.05421
4.57627	0.357143	-2.50695
5.08475	0.357143	-2.04446
5.59322	0.357143	-1.68499
6.10169	0.357143	-1.42596
6.61017	0.357143	-1.25416
7.11864	0.357143	-1.15215
7.62712	0.357143	-1.10187
8.13559	0.357143	-1.08676
8.64407	0.357143	-1.09305
9.15254	0.357143	-1.11029
9.66102	0.357143	-1.13132
10.1695	0.357143	-1.15176
10.678	0.357143	-1.16929
11.1864	0.357143	-1.18301
11.6949	0.357143	-1.19285
12.2034	0.357143	-1.1992
12.7119	0.357143	-1.20266
13.2203	0.357143	-1.20385
13.7288	0.357143	-1.20336
14.2373	0.357143	-1.20168
14.7458	0.357143	-1.19925
15.2542	0.357143	-1.1964
15.7627	0.357143	-1.19339
16.2712	0.357143	-1.19043
16.7797	0.357143	-1.18767
17.2881	0.357143	-1.18519
17.7966	0.357143	-1.18306
18.3051	0.357143	-1.18131
18.8136	0.357143	-1.17996
19.322	0.357143	-1.17899
19.8305	0.357143	-1.17839
20.339	0.357143	-1.17811
20.8475	0.357143	-1.17813
21.3559	0.357143	-1.1784
21.8644	0.357143	-1.17888
22.3729	0.357143	-1.17953
22.8814	0.357143	-1.18031
23.3898	0.357143	-1.1812
23.8983	0.357143	-1.18216
24.4068	0.357143	-1.18322
24.9153	0.357143	-1.18431
25.4237	0.357143	-1.1856
25.9322	0.357143	-1.18671
26.4407	0.357143	-1.18867
26.9492	0.357143	-1.18901
27.4576	0.357143	-1.19409
27.9661	0.357143	-1.18831
28.4746	0.357143	-1.21086
28.9831	0.357143	-1.1649
29.4915	0.357143	-1.28153
30	0.357143	-0.857143

0	0.428571	0.251855
0.508475	0.428571	-4.43793
1.01695	0.428571	-5.30779
1.52542	0.428571	-5.37727
2.0339	0.428571	-5.08259
2.54237	0.428571	-4.52057
3.05085	0.428571	-3.78193
3.55932	0.428571	-2.98374
4.0678	0.428571	-2.23686
4.57627	0.428571	-1.61265
5.08475	0.428571	-1.13565
5.59322	0.428571	-0.796818
6.10169	0.428571	-0.571803
6.61017	0.428571	-0.433957
7.11864	0.428571	-0.360151
7.62712	0.428571	-0.331853
8.13559	0.428571	-0.33444
8.64407	0.428571	-0.3564
9.15254	0.428571	-0.388874
9.66102	0.428571	-0.425361
10.1695	0.428571	-0.461426
10.678	0.428571	-0.494336
11.1864	0.428571	-0.522653
11.6949	0.428571	-0.545858
12.2034	0.428571	-0.564022
12.7119	0.428571	-0.577567
13.2203	0.428571	-0.587096
13.7288	0.428571	-0.593272
14.2373	0.428571	-0.596755
14.7458	0.428571	-0.598157
15.2542	0.428571	-0.598022
15.7627	0.428571	-0.596815
16.2712	0.428571	-0.594924
16.7797	0.428571	-0.592663
17.2881	0.428571	-0.590277
17.7966	0.428571	-0.587953
18.3051	0.428571	-0.585822
18.8136	0.428571	-0.583976
19.322	0.428571	-0.58247
19.8305	0.428571	-0.58133
20.339	0.428571	-0.580558
20.8475	0.428571	-0.580142
21.3559	0.428571	-0.580057
21.8644	0.428571	-0.58027
22.3729	0.428571	-0.580744
22.8814	0.428571	-0.581444
23.3898	0.428571	-0.58234
23.8983	0.428571	-0.583404
24.4068	0.428571	-0.584632
24.9153	0.428571	-0.585993
25.4237	0.428571	-0.587582
25.9322	0.428571	-0.589179
26.4407	0.428571	-0.59144
26.9492	0.428571	-0.592759
27.4576	0.428571	-0.597359
27.9661	0.428571	-0.594623
28.4746	0.428571	-0.61121
28.9831	0.428571	-0.581684
29.4915	0.428571	-0.651615
30	0.428571	-0.428571

0	0.5	-11.9964
0.508475	0.5	-7.69512
1.01695	0.5	-6.4408
1.52542	0.5	-5.59709
2.0339	0.5	-4.70411
2.54237	0.5	-3.69994
3.05085	0.5	-2.6564
3.55932	0.5	-1.69271
4.0678	0.5	-0.901331
4.57627	0.5	-0.317187
5.08475	0.5	0.0735553
5.59322	0.5	0.309742
6.10169	0.5	0.43478
6.61017	0.5	0.485486
7.11864	0.5	0.4888
7.62712	0.5	0.462909
8.13559	0.5	0.419812
8.64407	0.5	0.367623
9.15254	0.5	0.312063
9.66102	0.5	0.257229
10.1695	0.5	0.205974
10.678	0.5	0.160115
11.1864	0.5	0.120619
11.6949	0.5	0.0877857
12.2034	0.5	0.0614271
12.7119	0.5	0.0410316
13.2203	0.5	0.0258983
13.7288	0.5	0.0152404
14.2373	0.5	0.00826047
14.7458	0.5	0.00420088
15.2542	0.5	0.00237488
15.7627	0.5	0.00218276
16.2712	0.5	0.0031175
16.7797	0.5	0.00476306
17.2881	0.5	0.00678813
17.7966	0.5	0.00893714
18.3051	0.5	0.0110202
18.8136	0.5	0.0129029
19.322	0.5	0.0144965
19.8305	0.5	0.0157492
20.339	0.5	0.0166384
20.8475	0.5	0.0171632
21.3559	0.5	0.0173396
21.8644	0.5	0.0171932
22.3729	0.5	0.0167573
22.8814	0.5	0.0160636
23.3898	0.5	0.0151463
23.8983	0.5	0.0140233
24.4068	0.5	0.0127219
24.9153	0.5	0.0112228
25.4237	0.5	0.00956539
25.9322	0.5	0.00764876
26.4407	0.5	0.0056243
26.9492	0.5	0.00317613
27.4576	0.5	0.000878488
27.9661	0.5	-0.00214044
28.4746	0.5	-0.0043113
28.9831	0.5	-0.00689584
29.4915	0.5	-0.00775105
30	0.5	0

0	0.571429	-8.56094
0.508475	0.571429	-7.70704
1.01695	0.571429	-5.894
1.52542	0.571429	-4.56308
2.0339	0.571429	-3.28523
2.54237	0.571429	-2.0132
3.05085	0.571429	-0.858229
3.55932	0.571429	0.06921
4.0678	0.571429	0.726578
4.57627	0.571429	1.13521
5.08475	0.571429	1.34932
5.59322	0.571429	1.42843
6.10169	0.571429	1.42275
6.61017	0.571429	1.3689
7.11864	0.571429	1.2911
7.62712	0.571429	1.20409
8.13559	0.571429	1.11627
8.64407	0.571429	1.03227
9.15254	0.571429	0.954644
9.66102	0.571429	0.884791
10.1695	0.571429	0.823462
10.678	0.571429	0.770925
11.1864	0.571429	0.727056
11.6949	0.571429	0.691405
12.2034	0.571429	0.663275
12.7119	0.571429	0.641803
13.2203	0.571429	0.62604
13.7288	0.571429	0.615024
14.2373	0.571429	0.607834
14.7458	0.571429	0.603627
15.2542	0.571429	0.60166
15.7627	0.571429	0.601302
16.2712	0.571429	0.602031
16.7797	0.571429	0.603427
17.2881	0.571429	0.605165
17.7966	0.571429	0.606998
18.3051	0.571429	0.60875
18.8136	0.571429	0.610296
19.322	0.571429	0.61156
19.8305	0.571429	0.612499
20.339	0.571429	0.613097
20.8475	0.571429	0.613358
21.3559	0.571429	0.613301
21.8644	0.571429	0.612953
22.3729	0.571429	0.612347
22.8814	0.571429	0.611512
23.3898	0.571429	0.610484
23.8983	0.571429	0.60927
24.4068	0.571429	0.607915
24.9153	0.571429	0.60635
25.4237	0.571429	0.604739
25.9322	0.571429	0.602677
26.4407	0.571429	0.601098
26.9492	0.571429	0.597803
27.4576	0.571429	0.598148
27.9661	0.571429	0.589683
28.4746	0.571429	0.602721
28.9831	0.571429	0.567624
29.4915	0.571429	0.637679
30	0.571429	0.428571

0	0.642857	-5.12215
0.508475	0.642857	-4.72257
1.01695	0.642857	-3.56473
1.52542	0.642857	-2.27264
2.0339	0.642857	-0.90458
2.54237	0.642857	0.348177
3.05085	0.642857	1.32155
3.55932	0.642857	1.96336
4.0678	0.642857	2.31099
4.57627	0.642857	2.44109
5.08475	0.642857	2.43122
5.59322	0.642857	2.34203
6.10169	0.642857	2.2146
6.61017	0.642857	2.07439
7.11864	0.642857	1.93617
7.62712	0.642857	1.80783
8.13559	0.642857	1.69303
8.64407	0.642857	1.59293
9.15254	0.642857	1.50734
9.66102	0.642857	1.43543
10.1695	0.642857	1.37607
10.678	0.642857	1.32802
11.1864	0.642857	1.28999
11.6949	0.642857	1.26067
12.2034	0.642857	1.23874
12.7119	0.642857	1.22294
13.2203	0.642857	1.2121
13.7288	0.642857	1.20515
14.2373	0.642857	1.20115
14.7458	0.642857	1.19931
15.2542	0.642857	1.19896
15.7627	0.642857	1.19959
16.2712	0.642857	1.20077
16.7797	0.642857	1.20222
17.2881	0.642857	1.2037
17.7966	0.642857	1.20505
18.3051	0.642857	1.20619
18.8136	0.642857	1.20705
19.322	0.642857	1.20761
19.8305	0.642857	1.20787
20.339	0.642857	1.20782
20.8475	0.642857	1.20751
21.3559	0.642857	1.20696
21.8644	0.642857	1.2062
22.3729	0.642857	1.20527
22.8814	0.642857	1.2042
23.3898	0.642857	1.203
23.8983	0.642857	1.2017
24.4068	0.642857	1.20033
24.9153	0.642857	1.19879
25.4237	0.642857	1.19731
25.9322	0.642857	1.19537
26.4407	0.642857	1.19421
26.9492	0.642857	1.19088
27.4576	0.642857	1.1928
27.9661	0.642857	1.18247
28.4746	0.642857	1.20364
28.9831	0.642857	1.15158
29.4915	0.642857	1.27425
30	0.642857	0.857143

0	0.714286	-1.67744
0.508475	0.714286	-1.30453
1.01695	0.714286	-0.437526
1.52542	0.714286	0.795637
2.0339	0.714286	2.0129
2.54237	0.714286	2.89946
3.05085	0.714286	3.38863
3.55932	0.714286	3.5523
4.0678	0.714286	3.50164
4.57627	0.714286	3.33563
5.08475	0.714286	3.12342
5.59322	0.714286	2.90542
6.10169	0.714286	2.70166
6.61017	0.714286	2.52039
7.11864	0.714286	2.36399
7.62712	0.714286	2.23216
8.13559	0.714286	2.12334
8.64407	0.714286	2.03532
9.15254	0.714286	1.96561
9.66102	0.714286	1.91165
10.1695	0.714286	1.87095
10.678	0.714286	1.84118
11.1864	0.714286	1.82023
11.6949	0.714286	1.80624
12.2034	0.714286	1.79756
12.7119	0.714286	1.79281
13.2203	0.714286	1.79086
13.7288	0.714286	1.79077
14.2373	0.714286	1.79182
14.7458	0.714286	1.79348
15.2542	0.714286	1.79535
15.7627	0.714286	1.79717
16.2712	0.714286	1.79875
16.7797	0.714286	1.80001
17.2881	0.714286	1.8009
17.7966	0.714286	1.80141
18.3051	0.714286	1.80155
18.8136	0.714286	1.80138
19.322	0.714286	1.80092
19.8305	0.714286	1.80022
20.339	0.714286	1.79933
20.8475	0.714286	1.7983
21.3559	0.714286	1.79715
21.8644	0.714286	1.79594
22.3729	0.714286	1.79468
22.8814	0.714286	1.79339
23.3898	0.714286	1.79211
23.8983	0.714286	1.79082
24.4068	0.714286	1.78954
24.9153	0.714286	1.78822
25.4237	0.714286	1.78701
25.9322	0.714286	1.7855
26.4407	0.714286	1.78475
26.9492	0.714286	1.78231
27.4576	0.714286	1.78447
27.9661	0.714286	1.77649
28.4746	0.714286	1.79616
28.9831	0.714286	1.75078
29.4915	0.714286	1.8825
30	0.714286	1.28571

0	0.785714	1.77475
0.508475	0.785714	1.99294
1.01695	0.785714	2.97715
1.52542	0.785714	4.13632
2.0339	0.785714	4.82244
2.54237	0.785714	4.99365
3.05085	0.785714	4.82021
3.55932	0.785714	4.47256
4.0678	0.785714	4.07222
4.57627	0.785714	3.69055
5.08475	0.785714	3.3606
5.59322	0.785714	3.09115
6.10169	0.785714	2.87851
6.61017	0.785714	2.71444
7.11864	0.785714	2.59026
7.62712	0.785714	2.49841
8.13559	0.785714	2.43265
8.64407	0.785714	2.38776
9.15254	0.785714	2.35932
9.66102	0.785714	2.3435
10.1695	0.785714	2.337
10.678	0.785714	2.33707
11.1864	0.785714	2.34144
11.6949	0.785714	2.34831
12.2034	0.785714	2.35632
12.7119	0.785714	2.36447
13.2203	0.785714	2.37209
13.7288	0.785714	2.37878
14.2373	0.785714	2.38431
14.7458	0.785714	2.38861
15.2542	0.785714	2.39172
15.7627	0.785714	2.39374
16.2712	0.785714	2.3948
16.7797	0.785714	2.39507
17.2881	0.785714	2.39469
17.7966	0.785714	2.39381
18.3051	0.785714	2.39257
18.8136	0.785714	2.39107
19.322	0.785714	2.38942
19.8305	0.785714	2.3877
20.339	0.785714	2.38597
20.8475	0.785714	2.38427
21.3559	0.785714	2.38265
21.8644	0.785714	2.38113
22.3729	0.785714	2.37972
22.8814	0.785714	2.37842
23.3898	0.785714	2.37725
23.8983	0.785714	2.37618
24.4068	0.785714	2.37523
24.9153	0.785714	2.37435
25.4237	0.785714	2.37365
25.9322	0.785714	2.37289
26.4407	0.785714	2.37269
26.9492	0.785714	2.37169
27.4576	0.785714	2.3735
27.9661	0.785714	2.36967
28.4746	0.785714	2.38193
28.9831	0.785714	2.35788
29.4915	0.785714	2.43084
30	0.785714	1.71429

0	0.857143	5.22781
0.508475	0.857143	5.50068
1.01695	0.857143	6.68394
1.52542	0.857143	7.14145
2.0339	0.857143	6.78601
2.54237	0.857143	6.08601
3.05085	0.857143	5.31376
3.55932	0.857143	4.60406
4.0678	0.857143	4.01299
4.57627	0.857143	3.55358
5.08475	0.857143	3.21622
5.59322	0.857143	2.98154
6.10169	0.857143	2.82803
6.61017	0.857143	2.73607
7.11864	0.857143	2.68937
7.62712	0.857143	2.67506
8.13559	0.857143	2.68314
8.64407	0.857143	2.70591
9.15254	0.857143	2.73745
9.66102	0.857143	2.7732
10.1695	0.857143	2.80982
10.678	0.857143	2.84488
11.1864	0.857143	2.8768
11.6949	0.857143	2.90465
12.2034	0.857143	2.92802
12.7119	0.857143	2.94686
13.2203	0.857143	2.96144
13.7288	0.857143	2.97217
14.2373	0.857143	2.97955
14.7458	0.857143	2.98414
15.2542	0.857143	2.98647
15.7627	0.857143	2.98703
16.2712	0.857143	2.98626
16.7797	0.857143	2.98455
17.2881	0.857143	2.98221
17.7966	0.857143	2.9795
18.3051	0.857143	2.97662
18.8136	0.857143	2.97373
19.322	0.857143	2.97095
19.8305	0.857143	2.96836
20.339	0.857143	2.96601
20.8475	0.857143	2.96392
21.3559	0.857143	2.96212
21.8644	0.857143	2.96059
22.3729	0.857143	2.95933
22.8814	0.857143	2.95832
23.3898	0.857143	2.95753
23.8983	0.857143	2.95695
24.4068	0.857143	2.95658
24.9153	0.857143	2.9564
25.4237	0.857143	2.95645
25.9322	0.857143	2.95665
26.4407	0.857143	2.95724
26.9492	0.857143	2.95764
27.4576	0.857143	2.95907
27.9661	0.857143	2.95782
28.4746	0.857143	2.96147
28.9831	0.857143	2.94814
29.4915	0.857143	2.88869
30	0.857143	2.14286

0	0.928571	8.64085
0.508475	0.928571	9.81234
1.01695	0.928571	10.224
1.52542	0.928571	8.97979
2.0339	0.928571	7.42242
2.54237	0.928571	6.05256
3.05085	0.928571	4.95147
3.55932	0.928571	4.11536
4.0678	0.928571	3.51235
4.57627	0.928571	3.1033
5.08475	0.928571	2.84925
5.59322	0.928571	2.71482
6.10169	0.928571	2.66949
6.61017	0.928571	2.68774
7.11864	0.928571	2.74867
7.62712	0.928571	2.83557
8.13559	0.928571	2.93544
8.64407	0.928571	3.03857
9.15254	0.928571	3.13806
9.66102	0.928571	3.22934
10.1695	0.928571	3.30977
10.678	0.928571	3.37814
11.1864	0.928571	3.43433
11.6949	0.928571	3.47894
12.2034	0.928571	3.51309
12.7119	0.928571	3.53811
13.2203	0.928571	3.55546
13.7288	0.928571	3.56654
14.2373	0.928571	3.57268
14.7458	0.928571	3.57504
15.2542	0.928571	3.57462
15.7627	0.928571	3.57226
16.2712	0.928571	3.56865
16.7797	0.928571	3.5643
17.2881	0.928571	3.55964
17.7966	0.928571	3.55497
18.3051	0.928571	3.55052
18.8136	0.928571	3.54642
19.322	0.928571	3.54278
19.8305	0.928571	3.53964
20.339	0.928571	3.53702
20.8475	0.928571	3.5349
21.3559	0.928571	3.53327
21.8644	0.928571	3.53206
22.3729	0.928571	3.53124
22.8814	0.928571	3.53077
23.3898	0.928571	3.53059
23.8983	0.928571	3.53069
24.4068	0.928571	3.53106
24.9153	0.928571	3.53169
25.4237	0.928571	3.5326
25.9322	0.928571	3.53376
26.4407	0.928571	3.53512
26.9492	0.928571	3.53629
27.4576	0.928571	3.53688
27.9661	0.928571	3.53448
28.4746	0.928571	3.52772
28.9831	0.928571	3.49938
29.4915	0.928571	3.25178
30	0.928571	2.57143

0	1	12
0.508475	1	14.575
1.01695	1	12.633
1.52542	1	9.50964
2.0339	1	7.16306
2.54237	1	5.47253
3.05085	1	4.28238
3.55932	1	3.46866
4.0678	1	2.94115
4.57627	1	2.63183
5.08475	1	2.48813
5.59322	1	2.46839
6.10169	1	2.53862
6.61017	1	2.67031
7.11864	1	2.83942
7.62712	1	3.02606
8.13559	1	3.21466
8.64407	1	3.39381
9.15254	1	3.55602
9.66102	1	3.6971
10.1695	1	3.81548
10.678	1	3.91149
11.1864	1	3.98671
11.6949	1	4.0435
12.2034	1	4.08455
12.7119	1	4.1126
13.2203	1	4.13026
13.7288	1	4.13988
14.2373	1	4.14348
14.7458	1	4.14278
15.2542	1	4.13914
15.7627	1	4.13367
16.2712	1	4.1272
16.7797	1	4.12036
17.2881	1	4.11362
17.7966	1	4.10728
18.3051	1	4.10155
18.8136	1	4.09654
19.322	1	4.09232
19.8305	1	4.08888
20.339	1	4.08619
20.8475	1	4.08419
21.3559	1	4.0828
21.8644	1	4.08194
22.3729	1	4.08153
22.8814	1	4.08149
23.3898	1	4.08175
23.8983	1	4.08228
24.4068	1	4.08306
24.9153	1	4.08407
25.4237	1	4.08527
25.9322	1	4.08655
26.4407	1	4.08758
26.9492	1	4.08768
27.4576	1	4.0851
27.9661	1	4.07659
28.4746	1	4.05064
28.9831	1	3.99764
29.4915	1	3.56254
30	1	3

