0.253696 0.708855 0.533484
0.133173 0.521822 0.388258
0.323302 0.543578 0.464577
0.578808 0.573968 0.493982
0.83019 0.896166 0.405957
0.111667 0.582322 0.407469
0.702259 0.659352 0.532564
0.107016 0.823219 0.407318
0.6115 0.453754 0.390513
0.0975213 0.656119 0.424007
0.237373 0.607555 0.496717
0.657395 0.777815 0.52928
0.180098 0.677233 0.503034
0.143003 0.901222 0.385011
0.649052 0.497498 0.427379
0.805777 0.631406 0.495045
0.212937 0.622403 0.497939
0.296706 0.811227 0.506225
0.458415 0.564016 0.487778
0.0748631 0.751577 0.363797
0.124235 0.766919 0.454215
0.908493 0.672084 0.410589
0.507759 0.727382 0.550621
0.211316 0.71128 0.519084
0.112986 0.784967 0.436061
0.714522 0.506576 0.428168
0.864733 0.589147 0.436778
0.614626 0.623241 0.524252
0.519737 0.624711 0.527731
0.864843 0.825349 0.437536
0.484376 0.949263 0.403295
0.89078 0.685489 0.445682
0.776425 0.904329 0.419684
0.161257 0.831343 0.451646
0.470388 0.776161 0.535009
0.853242 0.585149 0.443214
0.557519 0.81517 0.5131
0.338939 0.866349 0.470158
0.697316 0.808234 0.50621
0.358638 0.448839 0.3841
0.904169 0.566306 0.370387
0.205934 0.678295 0.515252
0.300608 0.705908 0.54028
0.441261 0.551623 0.477619
0.689741 0.803211 0.511575
0.89251 0.774971 0.429528
0.234735 0.643591 0.512801
0.749102 0.933649 0.398257
0.320466 0.443245 0.374986
0.424599 0.699213 0.551848
0.703397 0.633488 0.523124
0.450295 0.661373 0.544797
0.823864 0.914597 0.393622
0.112174 0.802558 0.423945
0.64716 0.649771 0.534127
0.115632 0.699445 0.454197
0.153419 0.687387 0.487576
0.709521 0.532407 0.450702
0.50385 0.83112 0.501718
0.890056 0.895462 0.358942
0.507922 0.768767 0.53995
0.416495 0.69881 0.553715
0.189762 0.875954 0.433983
0.278653 0.613384 0.509216
0.73661 0.939603 0.395414
0.416992 0.986025 0.367331
0.313278 0.560905 0.476904
0.745767 0.532551 0.447616
0.914873 0.756279 0.391856
0.87073 0.731571 0.466935
0.232016 0.722351 0.526273
0.775502 0.969157 0.362763
0.174342 0.933104 0.377109
0.555803 0.921499 0.425793
0.801234 0.768283 0.50201
0.161875 0.807015 0.462977
0.299748 0.871974 0.462267
0.161164 0.569397 0.440484
0.742372 0.481348 0.401468
0.523866 0.882261 0.462328
0.379419 0.900957 0.442635
0.136958 0.848054 0.424153
0.225289 0.788679 0.504269
0.391121 0.836881 0.496888
0.149596 0.769207 0.474018
0.303543 0.492069 0.418255
0.861196 0.837231 0.430598
0.146625 0.709227 0.487636
0.0910536 0.624963 0.398205
0.538892 0.908752 0.440264
0.54634 0.455459 0.393803
0.879035 0.52756 0.379005
0.378097 0.856683 0.479419
0.681773 0.765157 0.531833
0.545404 0.473024 0.40931
0.379782 0.802102 0.519417
0.17915 0.921648 0.390609
0.400044 0.66694 0.543643
0.516825 0.525756 0.457517
0.0720684 0.707995 0.365215
0.51546 0.824747 0.508243
0.913771 0.761683 0.392973
0.259818 0.863768 0.459684
0.0829962 0.718667 0.394361
0.332662 0.630551 0.524279
0.55053 0.735943 0.549839
0.451348 0.687055 0.551552
0.499848 0.471012 0.407817
0.117744 0.683332 0.457543
0.918384 0.81198 0.367961
0.387655 0.936949 0.411641
0.377098 0.570996 0.489747
0.443299 0.85497 0.484128
0.318921 0.757007 0.534701
0.0869277 0.69859 0.406586
0.340088 0.907747 0.435747
0.600383 0.473472 0.408986
0.520097 0.745976 0.548763
0.807313 0.634041 0.496502
0.908515 0.857803 0.356381
0.359395 0.632257 0.527284
0.496973 0.580262 0.498925
0.598896 0.805312 0.517733
0.897133 0.815606 0.404775
0.0998312 0.610929 0.409292
0.100617 0.884544 0.357937
0.809247 0.786801 0.491759
0.238636 0.555243 0.46149
0.764177 0.591642 0.485206
0.260124 0.596053 0.495181
0.123994 0.653326 0.45972
0.770716 0.917414 0.411042
0.770442 0.631252 0.505299
0.208073 0.811401 0.48375
0.901728 0.707494 0.425041
0.0802121 0.606284 0.360437
0.77814 0.810385 0.489056
0.238334 0.810894 0.494342
0.647145 0.887406 0.453364
0.521197 0.553577 0.479581
0.0959366 0.767619 0.412237
0.86587 0.761043 0.464351
0.670838 0.839728 0.488534
0.568218 0.820776 0.508961
0.117403 0.723038 0.455546
0.155136 0.638028 0.480113
0.840538 0.881035 0.416101
0.211911 0.589276 0.479701
0.733356 0.855225 0.469759
0.903642 0.775573 0.414188
0.358331 0.49026 0.422106
0.41903 0.68025 0.547776
0.513437 0.886986 0.456795
0.320943 0.646013 0.530165
0.266578 0.671283 0.529273
0.646719 0.684202 0.546206
0.733292 0.889232 0.44123
0.478629 0.67227 0.549566
0.365124 0.77309 0.532068
0.869498 0.834757 0.426482
0.875075 0.573274 0.418174
0.379512 0.931325 0.416723
0.466284 0.602941 0.515333
0.917961 0.814495 0.362197
0.626288 0.570898 0.488851
0.742566 0.630762 0.514969
0.929976 0.694597 0.355489
0.263371 0.977135 0.362988
0.900513 0.817269 0.402432
0.183608 0.859549 0.442462
0.755073 0.721805 0.530648
0.847977 0.476932 0.361898
0.912483 0.830069 0.365887
0.439474 0.842503 0.493423
0.242621 0.667611 0.523928
0.134183 0.550381 0.405051
0.534008 0.601239 0.513622
0.710789 0.689559 0.538553
0.265862 0.709695 0.535452
0.461722 0.443933 0.383226
0.125055 0.721692 0.464151
0.216922 0.558032 0.455591
0.509918 0.86882 0.473813
0.130926 0.486548 0.3543
0.417896 0.843189 0.490951
0.409336 0.761543 0.542209
0.292031 0.927252 0.41344
0.215488 0.604702 0.488696
0.69177 0.542653 0.460922
0.216649 0.944242 0.381627
0.75809 0.670722 0.524236
0.841415 0.517021 0.402376
0.0947291 0.743357 0.417311
0.078375 0.783995 0.37043
0.36444 0.537281 0.463929
0.474694 0.434493 0.37468
0.420268 0.689641 0.550941
0.395469 0.869903 0.469627
0.484319 0.578593 0.497634
0.740533 0.523708 0.438456
0.292994 0.613666 0.510952
0.620859 0.962682 0.386677
0.392294 0.540847 0.467008
0.244022 0.62105 0.506129
0.523588 0.800009 0.523271
0.516778 0.700298 0.55471
0.701392 0.44165 0.371542
0.178721 0.522197 0.413417
0.238522 0.89802 0.427363
0.567954 0.784982 0.528513
0.733415 0.978851 0.361334
0.297729 0.462209 0.391034
0.899168 0.813131 0.399184
0.921081 0.646972 0.375013
0.814275 0.730564 0.508279
0.0791821 0.704385 0.383542
0.106247 0.830779 0.402325
0.387644 0.765917 0.536882
0.869104 0.782831 0.458222
0.87612 0.641533 0.450484
0.0814083 0.659306 0.38658
0.889219 0.570987 0.397909
0.636804 0.811807 0.509821
0.457225 0.740542 0.548928
0.458754 0.844893 0.492501
0.311401 0.823567 0.498365
0.748712 0.721768 0.530572
0.874389 0.818892 0.430844
0.844245 0.542259 0.418831
0.110146 0.740901 0.447808
0.323581 0.573547 0.488784
0.702848 0.846693 0.480382
0.527394 0.598137 0.511942
0.105855 0.551864 0.37701
0.133905 0.64276 0.463596
0.707925 0.608531 0.50781
0.806035 0.927447 0.390377
0.70747 0.813409 0.502846
0.16975 0.617518 0.476872
0.181814 0.599693 0.472623
0.113134 0.810195 0.424852
0.705278 0.74743 0.533011
0.547687 0.661229 0.543325
0.328676 0.539567 0.461304
0.610657 0.479926 0.413993
0.226717 0.640257 0.510967
0.078681 0.728357 0.382094
0.868272 0.86856 0.4061
0.76313 0.462347 0.37971
0.212336 0.505663 0.413908
0.180255 0.750126 0.502585
0.185371 0.694863 0.508919
0.35353 0.50978 0.43866
0.288203 0.543424 0.460257
0.161419 0.579634 0.450414
0.13457 0.496338 0.364515
0.82604 0.866164 0.434958
0.515187 0.73991 0.551147
0.872319 0.758739 0.462721
0.756208 0.614773 0.499867
0.858382 0.599482 0.444791
0.389599 0.630932 0.529271
0.221882 0.930186 0.39654
0.515571 0.788829 0.529508
0.3846 0.678333 0.546052
0.736374 0.852375 0.46872
0.921216 0.80345 0.364617
0.432646 0.673336 0.547976
0.14506 0.873709 0.40969
0.484898 0.53075 0.460426
0.422069 0.467478 0.402744
0.910321 0.711503 0.413679
0.220969 0.920349 0.406022
0.246507 0.576812 0.476415
0.822115 0.625455 0.482611
0.689963 0.934015 0.407269
0.913887 0.652781 0.395278
0.288402 0.668454 0.535106
0.0867856 0.782791 0.391802
0.117284 0.542006 0.386679
0.340307 0.440805 0.373697
0.533331 0.418254 0.357796
0.369898 0.435193 0.371046
0.234934 0.766816 0.514604
0.784447 0.521113 0.429455
0.432777 0.756811 0.544691
0.864516 0.902892 0.383294
0.873239 0.510103 0.373301
0.740894 0.665579 0.526379
0.536228 0.546784 0.473803
0.738793 0.904629 0.426095
0.112987 0.82853 0.411678
0.791598 0.450839 0.361245
0.404439 0.582843 0.499216
0.15249 0.581052 0.442263
0.487837 0.651188 0.541921
0.24382 0.943239 0.390354
0.858564 0.872394 0.407546
0.861915 0.822236 0.438294
0.22951 0.690394 0.524406
0.606659 0.796154 0.522647
0.505413 0.671438 0.547116
0.833775 0.655221 0.492819
0.460866 0.484606 0.420161
0.182524 0.949928 0.364595
0.32073 0.850406 0.479915
0.157109 0.719835 0.492923
0.271143 0.731674 0.533885
0.446654 0.588323 0.504684
0.464554 0.650589 0.541165
0.526764 0.57141 0.493308
0.250065 0.7272 0.529728
0.385409 0.703456 0.549239
0.641633 0.778355 0.53088
0.819988 0.524586 0.414933
0.600684 0.776953 0.533084
0.366555 0.650089 0.537002
0.515883 0.605536 0.516162
0.917236 0.592377 0.364808
0.594285 0.852538 0.485039
0.380043 0.643015 0.533884
0.704125 0.923312 0.415594
0.442475 0.735461 0.548677
0.767542 0.727979 0.522979
0.705664 0.55929 0.475002
0.695562 0.611359 0.511576
0.097767 0.734353 0.42423
0.789609 0.643355 0.507037
0.23006 0.583362 0.479826
0.269515 0.932278 0.404923
0.0868899 0.605557 0.377343
0.279419 0.691822 0.537528
0.395079 0.473048 0.407194
0.380996 0.594395 0.508202
0.414229 0.997291 0.356322
0.880579 0.740733 0.461249
0.700282 0.990529 0.355968
0.918397 0.681135 0.39311
0.793253 0.698474 0.518689
0.510024 0.967794 0.386181
0.36512 0.69662 0.547013
0.454083 0.749743 0.545015
0.402804 0.743961 0.54669
0.300721 0.903138 0.434205
0.894998 0.793297 0.418124
0.891613 0.601909 0.415739
0.83838 0.815946 0.459607
0.179334 0.763231 0.497025
0.333243 0.543809 0.465041
0.398214 0.478103 0.412204
0.123152 0.806146 0.436475
0.827875 0.487273 0.382266
0.145418 0.852132 0.428362
0.805934 0.690141 0.515368
0.312092 0.618857 0.517474
0.666718 0.54249 0.464058
0.146977 0.800099 0.456932
0.646936 0.937291 0.407955
0.203159 0.621623 0.494083
0.812336 0.550395 0.439448
0.856288 0.572295 0.433903
0.53893 0.91851 0.430808
0.875364 0.890257 0.383841
0.591712 0.739987 0.548933
0.0946447 0.670384 0.420327
0.844133 0.705073 0.491984
0.800982 0.538851 0.437358
0.774439 0.912443 0.413505
0.361363 0.749131 0.540178
0.376738 0.522859 0.453269
0.173425 0.53174 0.421881
0.716673 0.786832 0.51513
0.438585 0.686852 0.552524
0.170791 0.78498 0.485107
0.402452 0.574672 0.493659
0.235265 0.799155 0.499415
0.313833 0.434565 0.366631
0.348446 0.737794 0.544443
0.435614 0.857517 0.480338
0.762849 0.930955 0.401087
0.196711 0.893659 0.420939
0.820586 0.789693 0.485511
0.182157 0.803881 0.475936
0.311863 0.631974 0.521979
0.187938 0.534393 0.427655
0.830278 0.636616 0.488351
0.844199 0.615445 0.469865
0.214806 0.683629 0.518989
0.0799959 0.608325 0.364465
0.849889 0.843588 0.435064
0.720557 0.862943 0.465152
0.794312 0.615844 0.491746
0.208616 0.578591 0.469034
0.628878 0.782646 0.528291
0.651478 0.609248 0.515132
0.831653 0.484107 0.379036
0.662886 0.812468 0.508737
0.289849 0.889663 0.444796
0.512399 0.808121 0.517237
0.907194 0.678979 0.414461
0.206801 0.75156 0.51189
0.156097 0.788523 0.474729
0.257805 0.727073 0.530092
0.861689 0.817316 0.441572
0.391268 0.592288 0.508647
0.532157 0.756192 0.543979
0.58486 0.503575 0.43701
0.536855 0.898417 0.448093
0.194142 0.628729 0.496178
0.638505 0.913332 0.432041
0.094405 0.634164 0.408486
0.614224 0.479511 0.41474
0.637968 0.898009 0.44545
0.733861 0.765776 0.522625
0.134662 0.613035 0.448094
0.0884725 0.619928 0.386208
0.439986 0.860049 0.47838
0.49453 0.882619 0.462196
0.351027 0.574301 0.490157
0.537172 0.657138 0.545895
0.635195 0.642966 0.533354
0.269413 0.730787 0.533156
0.455643 0.602591 0.515359
0.10925 0.813779 0.412473
0.310569 0.797508 0.514748
0.552646 0.732874 0.550833
0.905302 0.843693 0.368551
0.413142 0.588469 0.503216
0.160974 0.51616 0.400727
0.785268 0.88496 0.431677
0.613178 0.99042 0.359733
0.878377 0.526121 0.378452
0.253397 0.776553 0.51417
0.524842 0.628135 0.529498
0.449671 0.785425 0.531988
0.546239 0.584567 0.501918
0.2243 0.562051 0.461631
0.72423 0.59692 0.498068
0.0943315 0.794302 0.39826
0.32346 0.913208 0.42864
0.629427 0.974071 0.376348
0.609613 0.631466 0.528354
0.762494 0.866076 0.454388
0.833704 0.732356 0.495084
0.632703 0.800752 0.519759
0.21922 0.507125 0.41621
0.125103 0.784768 0.44862
0.119354 0.793172 0.436173
0.811424 0.752444 0.502188
0.765961 0.544744 0.452007
0.0961027 0.639989 0.409434
0.0969468 0.636127 0.413428
0.875924 0.564741 0.412472
0.231508 0.933066 0.394059
0.320871 0.830883 0.494898
0.233234 0.809189 0.492858
0.221568 0.826759 0.478864
0.514045 0.440681 0.378743
0.841759 0.793894 0.472748
0.0971339 0.83261 0.386312
0.620495 0.959861 0.390303
0.801779 0.582507 0.468884
0.156633 0.554047 0.428655
0.111275 0.604136 0.420222
0.882814 0.770147 0.447155
0.760527 0.965358 0.369352
0.801236 0.687801 0.517534
0.690587 0.547137 0.465313
0.119629 0.610391 0.43484
0.0953882 0.624171 0.40731
0.455175 0.600756 0.515427
0.870779 0.613309 0.446989
0.175007 0.710976 0.50275
0.639359 0.962734 0.383795
0.2006 0.559795 0.451939
0.0842034 0.6779 0.397915
0.12771 0.535699 0.395872
0.919599 0.624908 0.370837
0.432595 0.866998 0.473417
0.478211 0.656073 0.542702
0.450605 0.866593 0.473955
0.602586 0.469109 0.403703
0.37585 0.954627 0.393158
0.529275 0.870762 0.470893
0.220566 0.770906 0.50961
0.252019 0.861537 0.462019
0.278166 0.752616 0.529275
0.876725 0.563117 0.4106
0.166951 0.800472 0.472383
0.291393 0.432307 0.360927
0.653576 0.917405 0.426996
0.247584 0.638927 0.515358
0.110842 0.809109 0.420847
0.445296 0.726985 0.55267
0.840569 0.68417 0.495178
0.616038 0.996368 0.356183
0.739946 0.937463 0.399454
0.229615 0.81552 0.488305
0.203636 0.635017 0.500981
0.427719 0.752158 0.544065
0.198632 0.562654 0.450601
0.449973 0.955164 0.396118
0.394732 0.860053 0.478527
0.205937 0.777803 0.502577
0.337409 0.740696 0.540475
0.904699 0.745602 0.413435
0.788141 0.735407 0.515783
0.798593 0.589991 0.472923
0.265343 0.786052 0.511679
0.542677 0.700827 0.553119
0.194265 0.819085 0.473936
0.67474 0.506262 0.432889
0.429281 0.830279 0.503609
0.188954 0.828231 0.46817
0.452505 0.877103 0.465544
0.447964 0.869302 0.472153
0.483633 0.662244 0.544585
0.511689 0.512929 0.445469
0.111814 0.519426 0.363512
0.893152 0.662524 0.432961
0.114152 0.655956 0.444171
0.818995 0.599743 0.471281
0.204106 0.671339 0.513693
0.430459 0.439878 0.37942
0.741949 0.711231 0.532054
0.245953 0.543864 0.454004
0.901507 0.693251 0.428044
0.514332 0.464426 0.402377
0.53772 0.936723 0.413224
0.701343 0.584417 0.492536
0.514827 0.631032 0.531047
0.824146 0.590881 0.464263
0.50497 0.926794 0.4248
0.0884783 0.786219 0.391529
0.496069 0.558617 0.484652
0.806885 0.52675 0.423578
0.881435 0.604438 0.428539
0.193991 0.621847 0.489646
0.162678 0.515198 0.402172
0.424632 0.588246 0.504597
0.134211 0.908064 0.372146
0.36334 0.610704 0.518219
0.788417 0.749657 0.515073
0.616932 0.971886 0.379899
0.773929 0.79662 0.49984
0.398508 0.49969 0.431571
0.112961 0.573859 0.404684
0.210761 0.690796 0.519139
0.322475 0.757708 0.534559
0.62607 0.846078 0.488365
0.314255 0.890047 0.445488
0.152647 0.875956 0.413879
0.284134 0.616718 0.511812
0.471819 0.765225 0.538534
0.0995069 0.869468 0.362683
0.214767 0.517567 0.419936
0.596404 0.675082 0.548487
0.902756 0.575699 0.380372
0.191644 0.608691 0.483412
0.766874 0.74221 0.521785
0.814731 0.594005 0.471535
0.723816 0.939387 0.398472
0.719031 0.862452 0.465673
0.689558 0.83592 0.490176
0.454841 0.485151 0.421139
0.324446 0.45947 0.390574
0.361496 0.771147 0.535617
0.358941 0.556399 0.477709
0.862428 0.78935 0.455494
0.639545 0.880329 0.458835
0.897769 0.581169 0.393096
0.090807 0.858442 0.358313
0.184114 0.654699 0.499222
0.842759 0.6198 0.468878
0.526379 0.84429 0.493801
0.724527 0.925067 0.413019
0.0819311 0.80869 0.369021
0.539256 0.612048 0.520652
0.261132 0.826424 0.487853
0.10735 0.8748 0.372538
0.0967179 0.726 0.42478
0.221974 0.522296 0.430143
0.643144 0.84106 0.489876
0.792418 0.807638 0.486518
0.747871 0.972804 0.364808
0.776882 0.902097 0.423831
0.219051 0.611169 0.492466
0.200807 0.749675 0.508406
0.126984 0.655129 0.458184
0.442842 0.65034 0.538988
0.827815 0.688583 0.503106
0.646797 0.841029 0.490251
0.742603 0.502997 0.421259
0.544165 0.731817 0.550992
0.773986 0.835817 0.476109
0.152474 0.754696 0.486306
0.577319 0.896488 0.451319
0.286668 0.767849 0.526276
0.717878 0.694024 0.536495
0.329606 0.688305 0.543981
0.7264 0.718978 0.535363
0.349073 0.715118 0.548011
0.359695 0.481961 0.415257
0.127633 0.506446 0.372699
0.302788 0.63216 0.522518
0.73671 0.783836 0.51701
0.0961267 0.660777 0.419263
0.681771 0.915427 0.424771
0.525202 0.772165 0.537254
0.657172 0.765437 0.533146
0.564084 0.960117 0.392459
0.0932799 0.624223 0.398559
0.606276 0.958246 0.391394
0.126129 0.628721 0.447614
0.503937 0.429771 0.36896
0.327048 0.706118 0.546214
0.816852 0.917809 0.395905
0.270348 0.666287 0.529861
0.677665 0.843267 0.486251
0.897667 0.825061 0.398873
0.77053 0.570957 0.47104
0.886294 0.863979 0.391635
0.140057 0.592699 0.443184
0.434157 0.762166 0.541822
0.0881542 0.780777 0.392459
0.394813 0.651872 0.538978
0.700934 0.781053 0.521404
0.718778 0.696606 0.537946
0.768245 0.873403 0.44862
0.16082 0.85893 0.429089
0.128955 0.55725 0.410293
0.383645 0.662477 0.542485
0.36607 0.540918 0.466524
0.487633 0.60679 0.518494
0.275867 0.731655 0.533306
0.589778 0.74067 0.546315
0.806243 0.904943 0.408357
0.200699 0.816223 0.480254
0.150934 0.749805 0.479576
0.589651 0.426754 0.364654
0.451994 0.622132 0.526474
0.852154 0.60756 0.456219
0.913803 0.583401 0.358904
0.434144 0.772791 0.536042
0.914887 0.587784 0.364861
0.920502 0.798285 0.369766
0.485441 0.577968 0.497241
0.844677 0.683422 0.490847
0.474428 0.871199 0.469741
0.846265 0.931422 0.371318
0.144179 0.552783 0.417916
0.282784 0.811795 0.503374
0.44534 0.606133 0.517198
0.326804 0.699099 0.545773
0.185779 0.64314 0.497375
0.759761 0.946834 0.385545
0.121132 0.730169 0.460494
0.906768 0.828317 0.378313
0.760531 0.730844 0.523487
0.844657 0.749449 0.485176
0.553121 0.808012 0.518246
0.577409 0.721838 0.550017
0.705246 0.698283 0.539338
0.118787 0.565172 0.403781
0.818284 0.68041 0.502294
0.669581 0.708689 0.544867
0.318316 0.495426 0.424599
0.456365 0.64857 0.536746
0.508271 0.865242 0.47794
0.469992 0.665802 0.546477
0.558552 0.592367 0.50754
0.450473 0.712732 0.550673
0.874186 0.524183 0.377819
0.0844237 0.680756 0.393994
0.287667 0.784669 0.518712
0.399893 0.99383 0.358482
0.824668 0.774819 0.488832
0.253095 0.763236 0.51699
0.806483 0.698671 0.510933
0.638853 0.954695 0.392364
0.886959 0.762257 0.443083
0.321016 0.800448 0.513625
0.665598 0.773227 0.528926
0.887447 0.770432 0.437588
0.782826 0.71677 0.522259
0.194609 0.707648 0.513956
0.398363 0.626148 0.524627
0.204223 0.574946 0.462566
0.374397 0.694259 0.550774
0.58457 0.778262 0.533105
0.302644 0.939422 0.403095
0.745273 0.738439 0.528739
0.216798 0.957041 0.36926
0.163935 0.526928 0.413139
0.217025 0.934883 0.388419
0.405673 0.820497 0.510219
0.815858 0.530384 0.423855
0.461474 0.72637 0.551429
0.64886 0.929234 0.418179
0.50083 0.630869 0.533358
0.39271 0.620628 0.523059
0.430049 0.632291 0.531914
0.373979 0.653408 0.537703
0.506489 0.656963 0.544065
0.760475 0.913564 0.417088
0.163561 0.787863 0.473923
0.220657 0.522298 0.430183
0.428266 0.813903 0.51436
0.7451 0.506929 0.426442
0.440572 0.595739 0.510413
0.653877 0.525713 0.451903
0.17206 0.918824 0.388101
0.498241 0.992701 0.361697
0.177482 0.894644 0.415347
0.427065 0.480945 0.416897
0.857967 0.49267 0.369059
0.893674 0.764299 0.434629
0.803434 0.5628 0.453803
0.310104 0.600995 0.505834
0.0719585 0.739192 0.367383
0.67244 0.638516 0.528972
0.192223 0.542413 0.435545
0.560732 0.464811 0.403827
0.308149 0.638246 0.525754
0.308245 0.930256 0.411912
0.786768 0.731083 0.516363
0.5235 0.72688 0.552204
0.485009 0.818928 0.510595
0.204168 0.935519 0.384627
0.443644 0.542873 0.46883
0.387977 0.655237 0.538959
0.0935798 0.648568 0.40325
0.80672 0.68185 0.513331
0.476394 0.742159 0.546847
0.510055 0.788708 0.53026
0.846663 0.709333 0.491283
0.485932 0.552076 0.477496
0.135824 0.824361 0.436083
0.665371 0.937183 0.40671
0.87027 0.530089 0.393331
0.851917 0.730258 0.485268
0.838767 0.680208 0.496607
0.739682 0.757052 0.523623
0.539109 0.715318 0.554686
0.12044 0.834963 0.417675
0.908888 0.789025 0.400149
0.0933342 0.738495 0.416566
0.31248 0.549273 0.467764
0.089744 0.581958 0.370567
0.667404 0.719454 0.546047
0.18525 0.58203 0.461856
0.625385 0.505442 0.437783
0.81483 0.781402 0.495543
0.647779 0.762532 0.536123
0.691789 0.672667 0.538103
0.927785 0.748796 0.361394
0.889996 0.662803 0.435147
0.285789 0.82574 0.490904
0.620918 0.508338 0.437604
0.738968 0.984167 0.35492
0.644922 0.895452 0.447407
0.781423 0.642616 0.510496
0.899343 0.706021 0.433213
0.626312 0.954707 0.392336
0.300078 0.426107 0.356331
0.467175 0.778061 0.534458
0.0982387 0.877478 0.354951
0.793166 0.60118 0.479629
0.458173 0.828777 0.50244
0.161436 0.645936 0.484808
0.377373 0.713067 0.548106
0.810824 0.490592 0.393093
0.51294 0.522814 0.45539
0.253685 0.624494 0.511813
0.596448 0.450718 0.38931
0.427698 0.707192 0.553228
0.263542 0.77939 0.51809
0.214004 0.900486 0.420018
0.338665 0.98419 0.363636
0.365071 0.428292 0.364144
0.926557 0.648374 0.364741
0.153754 0.579808 0.443415
0.828274 0.514779 0.403349
0.467566 0.417251 0.35658
0.202363 0.739265 0.513398
0.198696 0.555936 0.451213
0.44258 0.470019 0.406373
0.0898852 0.734229 0.410695
0.595775 0.861157 0.476973
0.86606 0.490017 0.358294
0.559747 0.642839 0.534711
0.756426 0.440321 0.360967
0.829225 0.834423 0.453555
0.637949 0.587861 0.501627
0.588153 0.857418 0.482723
0.117488 0.584591 0.412606
0.159912 0.741742 0.488738
0.0780952 0.769009 0.364965
0.353174 0.460324 0.392776
0.760616 0.596866 0.488789
0.125731 0.83727 0.422303
0.713143 0.546934 0.461108
0.226448 0.667449 0.520023
0.771781 0.959611 0.370455
0.319469 0.42784 0.359582
0.462731 0.613468 0.523359
0.645969 0.838903 0.491634
0.335148 0.533387 0.458336
0.731565 0.645923 0.520828
0.23494 0.626599 0.505664
0.832055 0.638938 0.486251
0.780986 0.80449 0.492816
0.100523 0.721274 0.436904
0.42205 0.95474 0.397576
0.21301 0.698967 0.521831
0.21992 0.830656 0.476642
0.877457 0.903075 0.365674
0.745405 0.591046 0.489604
0.282357 0.762964 0.528941
0.399431 0.951491 0.39874
0.610666 0.945352 0.403298
0.385469 0.542778 0.468979
0.274307 0.701646 0.534705
0.0927794 0.676201 0.415788
0.097584 0.67745 0.423155
0.203847 0.611513 0.488479
0.597318 0.86232 0.477764
0.184512 0.679331 0.507856
0.893748 0.607079 0.415655
0.672538 0.670683 0.541988
0.795377 0.898592 0.418114
0.811658 0.836377 0.461233
0.118819 0.547714 0.392789
0.2499 0.858191 0.465716
0.314265 0.848527 0.481459
0.669117 0.712714 0.547871
0.157286 0.701133 0.495057
0.282656 0.904452 0.431397
0.192344 0.931644 0.386631
0.870183 0.749293 0.465446
0.622554 0.624867 0.524422
0.54951 0.833137 0.501148
0.423313 0.466669 0.404572
0.885231 0.679808 0.450821
0.795495 0.871052 0.438686
0.61115 0.730399 0.546674
0.667568 0.442551 0.376259
0.837735 0.926779 0.378485
0.124838 0.601196 0.434981
0.680544 0.970042 0.375791
0.483249 0.743579 0.54764
0.741951 0.499408 0.419029
0.208406 0.699307 0.518384
0.208705 0.619444 0.497207
0.712335 0.645943 0.522544
0.462439 0.526082 0.457112
0.421913 0.680693 0.549763
0.307184 0.468506 0.396255
0.795133 0.843005 0.458275
0.894795 0.60334 0.4106
0.924448 0.678532 0.373712
0.749273 0.906604 0.424989
0.360583 0.904779 0.438493
0.599919 0.618997 0.523913
0.378664 0.831038 0.498754
0.125052 0.806166 0.435775
0.476908 0.438447 0.379105
0.551766 0.915103 0.434491
0.690768 0.746747 0.536537
0.884255 0.905733 0.358892
0.332166 0.614912 0.516747
0.136858 0.808029 0.447403
0.43892 0.658187 0.544203
0.462734 0.77076 0.53982
0.327085 0.908754 0.432937
0.234156 0.974783 0.35631
0.368781 0.988641 0.361054
0.347425 0.422169 0.357473
0.151713 0.910571 0.387134
0.629581 0.948558 0.398523
0.608921 0.96342 0.3862
0.423822 0.982551 0.369802
0.894843 0.648322 0.426103
0.86171 0.561351 0.42134
0.339954 0.797738 0.516418
0.925446 0.690707 0.368087
0.731117 0.564699 0.471457
0.158826 0.691512 0.495975
0.844673 0.921796 0.376078
0.333608 0.628044 0.520784
0.849305 0.639845 0.474974
0.109957 0.747457 0.440823
0.121938 0.655299 0.460289
0.676828 0.444977 0.377074
0.929868 0.710348 0.353859
0.641222 0.877746 0.462224
0.813102 0.687711 0.509985
0.620463 0.892681 0.449368
0.126962 0.544953 0.396144
0.0941691 0.680236 0.42302
0.482511 0.461303 0.400586
0.209492 0.645825 0.510077
0.50399 0.823719 0.506469
0.100014 0.852994 0.377446
0.115241 0.887982 0.372173
0.883135 0.861946 0.398066
0.787465 0.58401 0.471873
0.396002 0.534323 0.460084
0.329092 0.611502 0.513821
0.390793 0.633969 0.530234
0.664529 0.812522 0.51096
0.804426 0.829117 0.468429
0.862955 0.484217 0.359493
0.161588 0.557634 0.435704
0.322708 0.615709 0.517527
0.322608 0.506989 0.433668
0.729402 0.791911 0.509531
0.77521 0.863958 0.450653
0.747104 0.897123 0.432092
0.912965 0.82223 0.369979
0.352578 0.640435 0.530869
0.321357 0.881509 0.456529
0.912243 0.663099 0.405155
0.110176 0.772026 0.43556
0.919467 0.734785 0.390421
0.392349 0.908571 0.436353
0.465937 0.694234 0.552165
0.749047 0.901463 0.428687
0.746141 0.563106 0.471498
0.134803 0.677131 0.476383
0.77338 0.839985 0.468683
0.443704 0.856622 0.483198
0.781957 0.600007 0.488511
0.852837 0.919867 0.3746
0.724781 0.642501 0.524171
0.7933 0.792858 0.496465
0.648463 0.69044 0.547156
0.229327 0.824382 0.483231
0.419777 0.845169 0.492221
0.54766 0.491582 0.427664
0.0892689 0.759166 0.405969
0.566034 0.468949 0.406739
0.357389 0.562936 0.483267
0.763906 0.610499 0.498757
0.484972 0.671966 0.54882
0.899101 0.726018 0.431011
0.114266 0.800093 0.425948
0.189547 0.50957 0.404504
0.192651 0.732621 0.51106
0.311851 0.853531 0.478141
0.769832 0.680235 0.528395
0.486071 0.990056 0.364002
0.288559 0.951194 0.388921
0.390014 0.492885 0.42464
0.531603 0.568169 0.492685
0.158748 0.756787 0.478282
0.304794 0.643101 0.528596
0.692922 0.948606 0.39527
0.601911 0.776346 0.53376
0.152027 0.614629 0.46149
0.280127 0.455476 0.382383
0.479511 0.821887 0.509858
0.877431 0.568567 0.408423
0.343047 0.67039 0.541796
0.351358 0.991918 0.355938
0.368254 0.735676 0.545401
0.117407 0.63992 0.445368
0.67974 0.70184 0.543247
0.835389 0.889453 0.411035
0.121329 0.702953 0.464428
0.761748 0.724335 0.530534
0.750652 0.491555 0.410897
0.588751 0.67037 0.548965
0.411781 0.712194 0.551627
0.117319 0.60002 0.424887
0.681397 0.943421 0.401223
0.884821 0.874684 0.384011
0.250583 0.70076 0.533361
0.567431 0.780887 0.531772
0.320028 0.673778 0.539186
0.499615 0.5352 0.466035
0.416157 0.550176 0.476414
0.248938 0.836334 0.478646
0.463355 0.61096 0.521361
0.293204 0.586766 0.495996
0.310591 0.685212 0.543187
0.110459 0.749851 0.443087
0.486146 0.873799 0.469785
0.84005 0.735494 0.495238
0.329888 0.771148 0.530761
0.608955 0.676506 0.548363
0.418777 0.749431 0.543651
0.53611 0.910988 0.435815
0.762183 0.779329 0.50939
0.891641 0.865139 0.380326
0.624286 0.760424 0.535483
0.133843 0.776758 0.455443
0.407083 0.932409 0.415514
0.249885 0.439279 0.362061
0.87519 0.72131 0.466529
0.357113 0.717843 0.547399
0.386216 0.948447 0.401876
0.277564 0.68705 0.537082
0.204388 0.50969 0.416029
0.865786 0.553346 0.411387
0.511274 0.687021 0.552256
0.123574 0.818187 0.428995
0.234809 0.579654 0.47769
0.793061 0.775721 0.503886
0.255768 0.753453 0.522268
0.121638 0.705706 0.461514
0.514567 0.71761 0.554717
0.162819 0.517381 0.403053
0.208601 0.489186 0.396996
0.584399 0.661902 0.543937
0.890723 0.557586 0.386843
0.539003 0.710586 0.553583
0.104351 0.740971 0.431623
0.214485 0.815516 0.483522
0.226089 0.63346 0.510961
0.457804 0.505847 0.440077
0.475414 0.942435 0.408833
0.901188 0.707635 0.433067
0.553548 0.653867 0.541665
0.86378 0.834337 0.431178
0.145096 0.484296 0.363054
0.723399 0.513731 0.435971
0.58891 0.596156 0.511966
0.402248 0.659367 0.541992
0.710539 0.535016 0.453436
0.710722 0.620868 0.513776
0.337987 0.487212 0.416542
0.867809 0.636318 0.453028
0.9141 0.699585 0.398613
0.869229 0.718673 0.473576
0.401966 0.597677 0.511077
0.766725 0.83113 0.478876
0.820224 0.921108 0.389802
0.895824 0.715137 0.439299
0.428657 0.871437 0.472589
0.825739 0.918185 0.391512
0.156789 0.630035 0.477873
0.663659 0.854995 0.479248
0.204122 0.780042 0.500178
0.488493 0.463178 0.401623
0.718586 0.921675 0.414962
0.838392 0.542281 0.422685
0.437303 0.496808 0.432806
0.465513 0.990339 0.365203
0.308063 0.909033 0.43266
0.31085 0.726965 0.537575
0.6077 0.778696 0.533527
0.741298 0.861796 0.462112
0.234704 0.634579 0.507508
0.923474 0.752436 0.375719
0.34154 0.513092 0.440497
0.513097 0.477797 0.41196
0.0972087 0.876023 0.358148
0.6832 0.918087 0.423381
0.193277 0.680295 0.514479
0.20878 0.452906 0.363985
0.880435 0.705985 0.459349
0.856246 0.600994 0.451763
0.339987 0.669322 0.541399
0.191053 0.959506 0.358287
0.661047 0.744986 0.542368
0.12648 0.689088 0.470125
0.273482 0.603141 0.501841
0.905807 0.663882 0.421767
0.343806 0.774491 0.528127
0.488304 0.742663 0.547578
0.700837 0.619402 0.514407
0.118292 0.559587 0.397668
0.900661 0.607006 0.402793
0.384066 0.477114 0.410372
0.442117 0.998066 0.355902
0.36551 0.925371 0.420699
0.918088 0.762363 0.389076
0.716311 0.977799 0.366269
0.160277 0.516058 0.397767
0.862074 0.677995 0.469455
0.867852 0.707655 0.474185
0.306575 0.696118 0.542055
0.897846 0.678569 0.430246
0.903975 0.804387 0.402281
0.868962 0.891261 0.386273
0.766748 0.713 0.526827
0.421136 0.83287 0.500947
0.677799 0.783547 0.52337
0.925801 0.733917 0.369965
0.667326 0.479106 0.408576
0.120532 0.730576 0.454665
0.671119 0.858323 0.475261
0.867062 0.550884 0.412105
0.694707 0.617264 0.511796
0.216782 0.812097 0.486007
0.784988 0.484155 0.393851
0.103481 0.737278 0.430443
0.806131 0.901358 0.414657
0.511269 0.70896 0.554289
0.753057 0.64662 0.520099
0.308605 0.943045 0.400705
0.11413 0.832905 0.413101
0.576064 0.888111 0.455046
0.151748 0.837229 0.440263
0.427589 0.775319 0.535049
0.769391 0.654973 0.517013
0.68753 0.665088 0.534947
0.0892998 0.712038 0.411967
0.231248 0.811683 0.492447
0.778462 0.531745 0.438278
0.652648 0.740759 0.541971
0.417563 0.898299 0.44922
0.171803 0.631043 0.485052
0.23781 0.8123 0.49397
0.295915 0.567913 0.48218
0.194648 0.73328 0.511154
0.146869 0.835241 0.441398
0.876178 0.540611 0.396084
0.691199 0.834532 0.491974
0.159964 0.663531 0.489951
0.51671 0.904832 0.44305
0.402023 0.941985 0.408815
0.599787 0.705478 0.550805
0.144839 0.606399 0.457839
0.757209 0.519652 0.433651
0.796563 0.722431 0.516126
0.130649 0.507599 0.37154
0.175239 0.821446 0.467448
0.845182 0.538083 0.414018
0.882011 0.819898 0.420216
0.418275 0.985686 0.365965
0.697772 0.917629 0.421977
0.703086 0.449246 0.378648
0.282673 0.645428 0.523619
0.652538 0.487228 0.418965
0.717154 0.814782 0.501773
0.750055 0.748629 0.522929
0.0772149 0.764668 0.377261
0.844978 0.850104 0.434509
0.918813 0.712874 0.387152
0.207125 0.688978 0.516544
0.41012 0.653121 0.54061
0.675643 0.908801 0.431089
0.213381 0.661547 0.515105
0.190357 0.611842 0.48382
0.779849 0.504468 0.412298
0.172378 0.910604 0.394953
0.891466 0.55898 0.386529
0.716218 0.719328 0.538169
0.846039 0.926663 0.374878
0.823238 0.629495 0.487075
0.574002 0.768953 0.537487
0.0969806 0.610817 0.405716
0.532641 0.498195 0.432811
0.704305 0.907383 0.428327
0.249401 0.465032 0.385766
0.388016 0.745753 0.544078
0.33984 0.760466 0.539213
0.695653 0.598594 0.503678
0.761756 0.780729 0.510968
0.393085 0.85217 0.484587
0.769466 0.558711 0.459868
0.794097 0.608102 0.488859
0.8107 0.558381 0.44708
0.505015 0.775059 0.538644
0.122967 0.807414 0.433165
0.190134 0.445653 0.354363
0.741113 0.66254 0.525836
0.816537 0.609641 0.472317
0.193681 0.948756 0.372297
0.134758 0.48687 0.354138
0.352575 0.455411 0.387781
0.285304 0.754298 0.528566
0.259388 0.630422 0.511853
0.385868 0.574661 0.490922
0.154441 0.731078 0.48612
0.1316 0.706994 0.476942
0.557589 0.921651 0.427141
0.713914 0.85642 0.468964
0.555705 0.842835 0.492942
0.600876 0.978681 0.373286
0.359889 0.601186 0.510288
0.617409 0.996561 0.354782
0.458678 0.697033 0.552367
0.159611 0.896414 0.398253
0.226505 0.801666 0.496366
0.310844 0.557842 0.472975
0.140212 0.481898 0.359505
0.764696 0.614051 0.497304
0.129042 0.718626 0.47268
0.492468 0.891389 0.455699
0.169089 0.877235 0.423763
0.192694 0.817604 0.476738
0.888771 0.541821 0.375173
0.914386 0.709939 0.404991
0.876375 0.729217 0.463907
0.612583 0.847661 0.48677
0.423749 0.605882 0.519148
0.176773 0.880277 0.42383
0.767531 0.72481 0.527111
0.438995 0.423199 0.363514
0.138503 0.908962 0.378214
0.872943 0.747316 0.463302
0.539558 0.745484 0.545189
0.540935 0.78195 0.534294
0.454533 0.68497 0.548136
0.0771141 0.751913 0.376888
0.893263 0.741691 0.440158
0.899166 0.695851 0.429211
0.865258 0.73909 0.474041
0.364981 0.721571 0.546113
0.148873 0.926006 0.369931
0.634136 0.517582 0.444982
0.141206 0.726762 0.48098
0.879309 0.788196 0.443912
0.692195 0.626716 0.521933
0.60261 0.906509 0.440223
0.685984 0.891885 0.443632
0.806153 0.926884 0.388138
0.601971 0.806141 0.51864
0.429472 0.486335 0.421225
0.45942 0.696602 0.553047
0.219792 0.830336 0.476837
0.103984 0.783747 0.420359
0.560302 0.821412 0.509804
0.106032 0.657546 0.435981
0.487957 0.423709 0.363046
0.678144 0.634248 0.524
0.535257 0.798886 0.523894
0.870411 0.631885 0.455807
0.129554 0.902053 0.379363
0.658484 0.559668 0.477194
0.258226 0.6007 0.499024
0.882492 0.890164 0.373396
0.659639 0.530548 0.455525
0.728972 0.861015 0.46333
0.153287 0.640832 0.483083
0.392835 0.928964 0.42
0.589742 0.65006 0.539439
0.902288 0.780511 0.413268
0.666984 0.747176 0.5382
0.617533 0.911954 0.434749
0.653138 0.442422 0.376153
0.451057 0.463396 0.399803
0.680683 0.658491 0.530692
0.82178 0.644086 0.490744
0.161688 0.864852 0.426689
0.549935 0.701966 0.550637
0.103024 0.797286 0.413779
0.868989 0.718107 0.47348
0.264401 0.951711 0.387496
0.91354 0.823226 0.36422
0.169532 0.647793 0.49082
0.230688 0.558521 0.464208
0.673354 0.806844 0.511395
0.145744 0.863938 0.417864
0.553841 0.783485 0.531387
0.437027 0.525808 0.455188
0.249429 0.909617 0.418153
0.81149 0.962176 0.3566
0.886097 0.807597 0.425032
0.837739 0.813244 0.456693
0.536014 0.947012 0.405037
0.818455 0.671148 0.505541
0.724108 0.713791 0.538922
0.388067 0.751321 0.545004
0.688354 0.88462 0.451068
0.47547 0.633101 0.531792
0.740721 0.489307 0.410084
0.837361 0.855911 0.433753
0.602836 0.469352 0.404823
0.796669 0.84901 0.458811
0.112946 0.880802 0.379425
0.879742 0.501606 0.360819
0.52459 0.936443 0.413701
0.614226 0.651792 0.538611
0.430929 0.712528 0.551332
0.438435 0.52387 0.453774
0.224428 0.798811 0.496651
0.51349 0.721079 0.554312
0.61903 0.560656 0.48462
0.526564 0.97073 0.382982
0.20965 0.877156 0.438443
0.160588 0.827321 0.454123
0.581758 0.549828 0.47123
0.583669 0.535346 0.462271
0.152262 0.92385 0.37405
0.460173 0.99097 0.363448
0.526197 0.519887 0.449716
0.410609 0.754503 0.540691
0.0780669 0.769816 0.371422
0.316498 0.950517 0.394427
0.821275 0.55475 0.442264
0.810778 0.766959 0.499239
0.333124 0.99057 0.358138
0.291732 0.803884 0.508241
0.809916 0.829307 0.464506
0.217599 0.854631 0.457021
0.592921 0.582019 0.499769
0.861045 0.580965 0.436425
0.291918 0.557319 0.472684
0.717263 0.935094 0.404141
0.201025 0.646035 0.504106
0.326078 0.673383 0.537822
0.141359 0.743845 0.480937
0.673176 0.989289 0.360849
0.479227 0.697611 0.554217
0.301895 0.563005 0.477352
0.247022 0.538777 0.448853
0.257755 0.714572 0.531403
0.356387 0.604681 0.512239
0.386516 0.752672 0.541749
0.694156 0.662594 0.534444
0.6088 0.979634 0.373002
0.407032 0.586649 0.503157
0.810971 0.691742 0.510772
0.228354 0.841295 0.472007
0.100325 0.862252 0.377789
0.826245 0.671573 0.498958
0.556819 0.780342 0.534404
0.136971 0.545805 0.410546
0.288105 0.897153 0.436655
0.665063 0.735501 0.542268
0.825365 0.475236 0.370829
0.111879 0.865867 0.38198
0.385415 0.922058 0.424395
0.917244 0.830683 0.359393
0.131172 0.716152 0.470608
0.151477 0.939751 0.35927
0.296461 0.844098 0.480651
0.191113 0.530022 0.426808
0.830768 0.878139 0.422745
0.804724 0.604796 0.48304
0.711875 0.89347 0.439628
0.900794 0.620146 0.405181
0.385015 0.877454 0.463313
0.312397 0.436431 0.366342
0.628811 0.599769 0.509979
0.191203 0.846096 0.455318
0.763722 0.528396 0.438906
0.686544 0.737855 0.539762
0.336778 0.595141 0.504416
0.368183 0.634965 0.528524
0.922477 0.664453 0.372843
0.785986 0.695258 0.521881
0.484459 0.820907 0.510633
0.112854 0.739512 0.445248
0.0951426 0.683052 0.415967
0.583176 0.75022 0.544648
0.527052 0.538212 0.46635
0.746647 0.864049 0.460119
0.916791 0.772042 0.3877
0.743277 0.90665 0.425419
0.241601 0.480242 0.400038
0.272382 0.52107 0.439768
0.453468 0.664946 0.547162
0.178009 0.827905 0.458588
0.201955 0.530172 0.430524
0.744682 0.601973 0.497146
0.145669 0.847605 0.433493
0.740462 0.651855 0.52507
0.806886 0.546263 0.444315
0.581721 0.453219 0.391332
0.456835 0.769549 0.538611
0.469178 0.862083 0.477662
0.878539 0.69297 0.45987
0.624572 0.960143 0.38998
0.467596 0.954043 0.397272
0.176273 0.813946 0.469745
0.662679 0.683724 0.545409
0.124253 0.737452 0.460409
0.793448 0.970945 0.35409
0.901073 0.720469 0.430459
0.828797 0.950741 0.36005
0.708765 0.556118 0.47152
0.308881 0.614884 0.514034
0.670784 0.449355 0.382059
0.774443 0.872117 0.448365
0.73739 0.794062 0.509193
0.621448 0.792172 0.52264
0.539683 0.760926 0.542424
0.304255 0.439652 0.371926
0.882394 0.761891 0.451382
0.637878 0.96004 0.387249
0.888133 0.534814 0.371918
0.130865 0.649115 0.45397
0.183251 0.958388 0.357827
0.801402 0.841118 0.459105
0.394856 0.980686 0.371353
0.470247 0.413546 0.353649
0.764411 0.90166 0.424127
0.729517 0.490226 0.41544
0.31457 0.747768 0.539164
0.917017 0.814233 0.365525
0.922376 0.659458 0.369653
0.216701 0.465897 0.377491
0.367972 0.876612 0.463081
0.439238 0.793435 0.523624
0.161476 0.574714 0.444243
0.242317 0.911049 0.417856
0.281966 0.785986 0.513995
0.725753 0.870054 0.459223
0.637669 0.563601 0.480839
0.486619 0.729181 0.551188
0.428586 0.938658 0.410321
0.482004 0.96603 0.383114
0.156616 0.734128 0.488916
0.752516 0.962912 0.372423
0.408196 0.475466 0.411659
0.532472 0.79002 0.530673
0.184488 0.789843 0.485501
0.463187 0.745584 0.546812
0.16023 0.633135 0.480094
0.699416 0.55661 0.471331
0.408769 0.454206 0.388725
0.730477 0.834341 0.485302
0.785692 0.565496 0.462764
0.593439 0.722234 0.55108
0.844647 0.540004 0.418267
0.774506 0.485442 0.399632
0.162273 0.910618 0.392019
0.747542 0.787029 0.51298
0.635345 0.669055 0.545024
0.428016 0.710802 0.551166
0.693908 0.827294 0.494735
0.776608 0.873396 0.445765
0.672542 0.64081 0.529938
0.537584 0.740997 0.55002
