0   0   0
0.05   0   0
0.1   0   0
0.15   0   0
0.2   0   0
0.25   0   0
0.3   0   0
0.35   0   0
0.4   0   0
0.45   0   0
0.5   0   0
0.55   0   0
0.6   0   0
0.65   0   0
0.7   0   0
0.75   0   0
0.8   0   0
0.85   0   0
0.9   0   0
0.95   0   0
1   0   0

0   0.05   0
0.05   0.05   4.38849
0.1   0.05   1.5723
0.15   0.05   0.524726
0.2   0.05   0.211972
0.25   0.05   0.106176
0.3   0.05   0.0590609
0.35   0.05   0.039388
0.4   0.05   0.0277902
0.45   0.05   0.023668
0.5   0.05   0.0213795
0.55   0.05   0.0236691
0.6   0.05   0.027792
0.65   0.05   0.0393904
0.7   0.05   0.0590645
0.75   0.05   0.106181
0.8   0.05   0.211978
0.85   0.05   0.524732
0.9   0.05   1.5723
0.95   0.05   4.3885
1   0.05   0

0   0.1   0
0.05   0.1   3.64533
0.1   0.1   1.86325
0.15   0.1   0.831753
0.2   0.1   0.397669
0.25   0.1   0.211804
0.3   0.1   0.123799
0.35   0.1   0.0814662
0.4   0.1   0.0588803
0.45   0.1   0.0487465
0.5   0.1   0.0451617
0.55   0.1   0.0487488
0.6   0.1   0.0588842
0.65   0.1   0.0814716
0.7   0.1   0.123806
0.75   0.1   0.211813
0.8   0.1   0.39768
0.85   0.1   0.831766
0.9   0.1   1.86326
0.95   0.1   3.64533
1   0.1   0

0   0.15   0
0.05   0.15   1.58263
0.1   0.15   1.37631
0.15   0.15   0.853016
0.2   0.15   0.494787
0.25   0.15   0.292975
0.3   0.15   0.183432
0.35   0.15   0.123866
0.4   0.15   0.091685
0.45   0.15   0.0757589
0.5   0.15   0.0709224
0.55   0.15   0.0757622
0.6   0.15   0.0916908
0.65   0.15   0.123874
0.7   0.15   0.183443
0.75   0.15   0.292988
0.8   0.15   0.494803
0.85   0.15   0.853033
0.9   0.15   1.37633
0.95   0.15   1.58263
1   0.15   0

0   0.2   0
0.05   0.2   0.765976
0.1   0.2   0.896603
0.15   0.2   0.710773
0.2   0.2   0.492537
0.25   0.2   0.32968
0.3   0.2   0.22409
0.35   0.2   0.159571
0.4   0.2   0.122054
0.45   0.2   0.102626
0.5   0.2   0.0966268
0.55   0.2   0.10263
0.6   0.2   0.122062
0.65   0.2   0.159582
0.7   0.2   0.224105
0.75   0.2   0.329697
0.8   0.2   0.492557
0.85   0.2   0.710793
0.9   0.2   0.896619
0.95   0.2   0.765984
1   0.2   0

0   0.25   0
0.05   0.25   0.413297
0.1   0.25   0.577728
0.15   0.25   0.543879
0.2   0.25   0.435502
0.25   0.25   0.326497
0.3   0.25   0.241719
0.35   0.25   0.183163
0.4   0.25   0.146206
0.45   0.25   0.126073
0.5   0.25   0.119706
0.55   0.25   0.126079
0.6   0.25   0.146215
0.65   0.25   0.183177
0.7   0.25   0.241737
0.75   0.25   0.326517
0.8   0.25   0.435525
0.85   0.25   0.543902
0.9   0.25   0.577746
0.95   0.25   0.413306
1   0.25   0

0   0.3   0
0.05   0.3   0.245012
0.1   0.3   0.382016
0.15   0.3   0.405449
0.2   0.3   0.363186
0.25   0.3   0.299941
0.3   0.3   0.240419
0.35   0.3   0.193909
0.4   0.3   0.162018
0.45   0.3   0.143721
0.5   0.3   0.137786
0.55   0.3   0.143727
0.6   0.3   0.162029
0.65   0.3   0.193925
0.7   0.3   0.24044
0.75   0.3   0.299965
0.8   0.3   0.363212
0.85   0.3   0.405475
0.9   0.3   0.382037
0.95   0.3   0.245023
1   0.3   0

0   0.35   0
0.05   0.35   0.156871
0.1   0.35   0.262174
0.15   0.35   0.302809
0.2   0.35   0.295571
0.25   0.35   0.264339
0.3   0.35   0.227168
0.35   0.35   0.194098
0.4   0.35   0.169453
0.45   0.35   0.154567
0.5   0.35   0.149618
0.55   0.35   0.154573
0.6   0.35   0.169466
0.65   0.35   0.194116
0.7   0.35   0.227191
0.75   0.35   0.264366
0.8   0.35   0.2956
0.85   0.35   0.302837
0.9   0.35   0.262197
0.95   0.35   0.156883
1   0.35   0

0   0.4   0
0.05   0.4   0.106881
0.1   0.4   0.187018
0.15   0.4   0.229506
0.2   0.4   0.23924
0.25   0.4   0.2282
0.3   0.4   0.208033
0.35   0.4   0.186975
0.4   0.4   0.1698
0.45   0.4   0.158863
0.5   0.4   0.155135
0.55   0.4   0.15887
0.6   0.4   0.169814
0.65   0.4   0.186994
0.7   0.4   0.208057
0.75   0.4   0.228228
0.8   0.4   0.23927
0.85   0.4   0.229535
0.9   0.4   0.187042
0.95   0.4   0.106894
1   0.4   0

0   0.45   0
0.05   0.45   0.0765966
0.1   0.45   0.138334
0.15   0.45   0.17745
0.2   0.45   0.194554
0.25   0.45   0.195402
0.3   0.45   0.187048
0.35   0.45   0.175476
0.4   0.45   0.164843
0.45   0.45   0.157637
0.5   0.45   0.155112
0.55   0.45   0.157644
0.6   0.45   0.164856
0.65   0.45   0.175496
0.7   0.45   0.187073
0.75   0.45   0.195431
0.8   0.45   0.194584
0.85   0.45   0.177479
0.9   0.45   0.138357
0.95   0.45   0.0766095
1   0.45   0

0   0.5   0
0.05   0.5   0.0572187
0.1   0.5   0.105697
0.15   0.5   0.140125
0.2   0.5   0.159729
0.25   0.5   0.167139
0.3   0.5   0.16647
0.35   0.5   0.161788
0.4   0.5   0.156313
0.45   0.5   0.152225
0.5   0.5   0.150736
0.55   0.5   0.152232
0.6   0.5   0.156327
0.65   0.5   0.161807
0.7   0.5   0.166494
0.75   0.5   0.167166
0.8   0.5   0.159758
0.85   0.5   0.140153
0.9   0.5   0.10572
0.95   0.5   0.0572314
1   0.5   0

0   0.55   0
0.05   0.55   0.04423
0.1   0.55   0.0830692
0.15   0.55   0.112894
0.2   0.55   0.132617
0.25   0.55   0.14333
0.3   0.55   0.147364
0.35   0.55   0.147362
0.4   0.55   0.14565
0.45   0.55   0.143944
0.5   0.55   0.143265
0.55   0.55   0.143951
0.6   0.55   0.145663
0.65   0.55   0.14738
0.7   0.55   0.147387
0.75   0.55   0.143356
0.8   0.55   0.132645
0.85   0.55   0.112921
0.9   0.55   0.0830908
0.95   0.55   0.0442422
1   0.55   0

0   0.6   0
0.05   0.6   0.0351635
0.1   0.6   0.0668643
0.15   0.6   0.0926009
0.2   0.6   0.111335
0.25   0.6   0.123413
0.3   0.6   0.13011
0.35   0.6   0.133086
0.4   0.6   0.133937
0.45   0.6   0.133923
0.5   0.6   0.133832
0.55   0.6   0.133929
0.6   0.6   0.133949
0.65   0.6   0.133103
0.7   0.6   0.130132
0.75   0.6   0.123437
0.8   0.6   0.111361
0.85   0.6   0.0926256
0.9   0.6   0.0668846
0.95   0.6   0.0351751
1   0.6   0

0   0.65   0
0.05   0.65   0.0286011
0.1   0.65   0.0548967
0.15   0.65   0.0771282
0.2   0.65   0.0944064
0.25   0.65   0.106726
0.3   0.65   0.114744
0.35   0.65   0.119465
0.4   0.65   0.121939
0.45   0.65   0.123043
0.5   0.65   0.123348
0.55   0.65   0.123049
0.6   0.65   0.12195
0.65   0.65   0.119481
0.7   0.65   0.114764
0.75   0.65   0.106748
0.8   0.65   0.0944301
0.85   0.65   0.0771509
0.9   0.65   0.0549155
0.95   0.65   0.0286119
1   0.65   0

0   0.7   0
0.05   0.7   0.0236932
0.1   0.7   0.0458
0.15   0.7   0.0650573
0.2   0.7   0.0807323
0.25   0.7   0.0926612
0.3   0.7   0.101143
0.35   0.7   0.106757
0.4   0.7   0.110165
0.45   0.7   0.111948
0.5   0.7   0.112499
0.55   0.7   0.111953
0.6   0.7   0.110175
0.65   0.7   0.106772
0.7   0.7   0.101161
0.75   0.7   0.0926815
0.8   0.7   0.0807538
0.85   0.7   0.0650779
0.9   0.7   0.0458172
0.95   0.7   0.0237031
1   0.7   0

0   0.75   0
0.05   0.75   0.0199126
0.1   0.75   0.0386996
0.15   0.75   0.0554323
0.2   0.75   0.0695135
0.25   0.75   0.0807162
0.3   0.75   0.0891342
0.35   0.75   0.095075
0.4   0.75   0.0989338
0.45   0.75   0.101079
0.5   0.75   0.101765
0.55   0.75   0.101083
0.6   0.75   0.0989426
0.65   0.75   0.0950876
0.7   0.75   0.0891499
0.75   0.75   0.0807342
0.8   0.75   0.0695326
0.85   0.75   0.0554507
0.9   0.75   0.0387151
0.95   0.75   0.0199217
1   0.75   0

0   0.8   0
0.05   0.8   0.0169233
0.1   0.8   0.0330242
0.15   0.8   0.0476035
0.2   0.8   0.0601737
0.25   0.8   0.0704911
0.3   0.8   0.0785341
0.35   0.8   0.0844409
0.4   0.8   0.0884288
0.45   0.8   0.0907165
0.5   0.8   0.0914615
0.55   0.8   0.0907205
0.6   0.8   0.0884365
0.65   0.8   0.0844519
0.7   0.8   0.0785479
0.75   0.8   0.0705069
0.8   0.8   0.0601905
0.85   0.8   0.0476198
0.9   0.8   0.0330381
0.95   0.8   0.0169315
1   0.8   0

0   0.85   0
0.05   0.85   0.0145053
0.1   0.85   0.0283928
0.15   0.85   0.0411239
0.2   0.85   0.0522975
0.25   0.85   0.0616755
0.3   0.85   0.0691742
0.35   0.85   0.0748283
0.4   0.85   0.0787401
0.45   0.85   0.0810275
0.5   0.85   0.0817801
0.55   0.85   0.0810309
0.6   0.85   0.0787467
0.65   0.85   0.0748377
0.7   0.85   0.069186
0.75   0.85   0.0616891
0.8   0.85   0.0523121
0.85   0.85   0.0411381
0.9   0.85   0.0284051
0.95   0.85   0.0145126
1   0.85   0

0   0.9   0
0.05   0.9   0.0125114
0.1   0.9   0.0245467
0.15   0.9   0.0356817
0.2   0.9   0.0455832
0.25   0.9   0.0540287
0.3   0.9   0.0609041
0.35   0.9   0.0661831
0.4   0.9   0.0698957
0.45   0.9   0.0720937
0.5   0.9   0.0728217
0.55   0.9   0.0720965
0.6   0.9   0.0699012
0.65   0.9   0.066191
0.7   0.9   0.0609141
0.75   0.9   0.0540403
0.8   0.9   0.0455956
0.85   0.9   0.0356939
0.9   0.9   0.0245574
0.95   0.9   0.0125178
1   0.9   0

0   0.95   0
0.05   0.95   0.0108409
0.1   0.95   0.0213064
0.15   0.95   0.0310554
0.2   0.95   0.0398087
0.25   0.95   0.0473632
0.3   0.95   0.0535928
0.35   0.95   0.0584376
0.4   0.95   0.0618835
0.45   0.95   0.063941
0.5   0.95   0.0646255
0.55   0.95   0.0639434
0.6   0.95   0.061888
0.65   0.95   0.0584442
0.7   0.95   0.0536012
0.75   0.95   0.0473728
0.8   0.95   0.0398192
0.85   0.95   0.0310658
0.9   0.95   0.0213157
0.95   0.95   0.0108466
1   0.95   0

0   1   0
0.05   1   0.00942352
0.1   1   0.0185447
0.15   1   0.0270849
0.2   1   0.0348078
0.25   1   0.0415307
0.3   1   0.0471266
0.35   1   0.0515184
0.4   1   0.0546672
0.45   1   0.0565585
0.5   1   0.0571895
0.55   1   0.0565604
0.6   1   0.0546708
0.65   1   0.0515237
0.7   1   0.0471334
0.75   1   0.0415387
0.8   1   0.0348165
0.85   1   0.0270937
0.9   1   0.0185526
0.95   1   0.00942838
1   1   0

0   1.05   0
0.05   1.05   0.00820862
0.1   1.05   0.0161696
0.15   1.05   0.0236517
0.2   1.05   0.0304537
0.25   1.05   0.0364125
0.3   1.05   0.0414062
0.35   1.05   0.0453513
0.4   1.05   0.0481962
0.45   1.05   0.0499121
0.5   1.05   0.0504858
0.55   1.05   0.0499136
0.6   1.05   0.048199
0.65   1.05   0.0453555
0.7   1.05   0.0414116
0.75   1.05   0.0364189
0.8   1.05   0.0304608
0.85   1.05   0.023659
0.9   1.05   0.0161763
0.95   1.05   0.00821276
1   1.05   0

0   1.1   0
0.05   1.1   0.00715914
0.1   1.1   0.0141125
0.15   1.1   0.020666
0.2   1.1   0.0266471
0.25   1.1   0.0319113
0.3   1.1   0.0363449
0.35   1.1   0.0398644
0.4   1.1   0.0424128
0.45   1.1   0.0439546
0.5   1.1   0.0444709
0.55   1.1   0.0439558
0.6   1.1   0.042415
0.65   1.1   0.0398676
0.7   1.1   0.0363491
0.75   1.1   0.0319163
0.8   1.1   0.0266528
0.85   1.1   0.0206719
0.9   1.1   0.014118
0.95   1.1   0.00716261
1   1.1   0

0   1.15   0
0.05   1.15   0.00624707
0.1   1.15   0.0123212
0.15   1.15   0.018058
0.2   1.15   0.0233089
0.25   1.15   0.0279463
0.3   1.15   0.0318663
0.35   1.15   0.034989
0.4   1.15   0.037257
0.45   1.15   0.0386322
0.5   1.15   0.0390931
0.55   1.15   0.038633
0.6   1.15   0.0372586
0.65   1.15   0.0349914
0.7   1.15   0.0318694
0.75   1.15   0.0279501
0.8   1.15   0.0233133
0.85   1.15   0.0180626
0.9   1.15   0.0123257
0.95   1.15   0.00624994
1   1.15   0

0   1.2   0
0.05   1.2   0.00545074
0.1   1.2   0.0107549
0.15   1.2   0.0157722
0.2   1.2   0.0203744
0.25   1.2   0.0244492
0.3   1.2   0.0279029
0.35   1.2   0.0306612
0.4   1.2   0.032669
0.45   1.2   0.0338883
0.5   1.2   0.0342973
0.55   1.2   0.0338888
0.6   1.2   0.0326701
0.65   1.2   0.0306629
0.7   1.2   0.0279051
0.75   1.2   0.0244519
0.8   1.2   0.0203776
0.85   1.2   0.0157758
0.9   1.2   0.0107584
0.95   1.2   0.00545307
1   1.2   0

0   1.25   0
0.05   1.25   0.00475292
0.1   1.25   0.00938076
0.15   1.25   0.0137634
0.2   1.25   0.0177897
0.25   1.25   0.0213614
0.3   1.25   0.0243946
0.35   1.25   0.0268217
0.4   1.25   0.0285912
0.45   1.25   0.029667
0.5   1.25   0.0300281
0.55   1.25   0.0296673
0.6   1.25   0.0285918
0.65   1.25   0.0268227
0.7   1.25   0.024396
0.75   1.25   0.0213632
0.8   1.25   0.017792
0.85   1.25   0.013766
0.9   1.25   0.00938351
0.95   1.25   0.00475476
1   1.25   0

0   1.3   0
0.05   1.3   0.00413957
0.1   1.3   0.00817198
0.15   1.3   0.0119939
0.2   1.3   0.0155094
0.25   1.3   0.018632
0.3   1.3   0.0212878
0.35   1.3   0.0234159
0.4   1.3   0.0249692
0.45   1.3   0.0259144
0.5   1.3   0.0262317
0.55   1.3   0.0259145
0.6   1.3   0.0249695
0.65   1.3   0.0234164
0.7   1.3   0.0212886
0.75   1.3   0.0186331
0.8   1.3   0.0155108
0.85   1.3   0.0119958
0.9   1.3   0.00817402
0.95   1.3   0.00414098
1   1.3   0

0   1.35   0
0.05   1.35   0.00359904
0.1   1.35   0.00710607
0.15   1.35   0.0104321
0.2   1.35   0.0134941
0.25   1.35   0.0162167
0.3   1.35   0.0185348
0.35   1.35   0.0203941
0.4   1.35   0.0217524
0.45   1.35   0.0225795
0.5   1.35   0.0228571
0.55   1.35   0.0225794
0.6   1.35   0.0217524
0.65   1.35   0.0203941
0.7   1.35   0.0185349
0.75   1.35   0.0162171
0.8   1.35   0.0134949
0.85   1.35   0.0104333
0.9   1.35   0.0071075
0.95   1.35   0.00360008
1   1.35   0

0   1.4   0
0.05   1.4   0.00312148
0.1   1.4   0.0061639
0.15   1.4   0.00905065
0.2   1.4   0.0117099
0.25   1.4   0.0140762
0.3   1.4   0.0160924
0.35   1.4   0.0177109
0.4   1.4   0.018894
0.45   1.4   0.0196147
0.5   1.4   0.0198566
0.55   1.4   0.0196145
0.6   1.4   0.0188937
0.65   1.4   0.0177105
0.7   1.4   0.0160921
0.75   1.4   0.014076
0.8   1.4   0.0117101
0.85   1.4   0.00905121
0.9   1.4   0.0061648
0.95   1.4   0.0031222
1   1.4   0

0   1.45   0
0.05   1.45   0.00269841
0.1   1.45   0.00532894
0.15   1.45   0.00782573
0.2   1.45   0.0101268
0.25   1.45   0.0121755
0.3   1.45   0.0139222
0.35   1.45   0.015325
0.4   1.45   0.016351
0.45   1.45   0.0169761
0.5   1.45   0.017186
0.55   1.45   0.0169758
0.6   1.45   0.0163505
0.65   1.45   0.0153244
0.7   1.45   0.0139215
0.75   1.45   0.012175
0.8   1.45   0.0101265
0.85   1.45   0.00782581
0.9   1.45   0.0053294
0.95   1.45   0.00269885
1   1.45   0

0   1.5   0
0.05   1.5   0.00232246
0.1   1.5   0.00458677
0.15   1.5   0.0067365
0.2   1.5   0.00871839
0.25   1.5   0.0104837
0.3   1.5   0.0119893
0.35   1.5   0.0131991
0.4   1.5   0.0140841
0.45   1.5   0.0146235
0.5   1.5   0.0148046
0.55   1.5   0.0146231
0.6   1.5   0.0140835
0.65   1.5   0.0131982
0.7   1.5   0.0119884
0.75   1.5   0.0104828
0.8   1.5   0.00871775
0.85   1.5   0.0067362
0.9   1.5   0.00458687
0.95   1.5   0.00232266
1   1.5   0

0   1.55   0
0.05   1.55   0.00198711
0.1   1.55   0.00392466
0.15   1.55   0.0057645
0.2   1.55   0.00746111
0.25   1.55   0.00897273
0.3   1.55   0.0102624
0.35   1.55   0.011299
0.4   1.55   0.0120575
0.45   1.55   0.0125198
0.5   1.55   0.012675
0.55   1.55   0.0125194
0.6   1.55   0.0120568
0.65   1.55   0.011298
0.7   1.55   0.0102613
0.75   1.55   0.00897164
0.8   1.55   0.00746019
0.85   1.55   0.0057639
0.9   1.55   0.00392447
0.95   1.55   0.00198713
1   1.55   0

0   1.6   0
0.05   1.6   0.00168661
0.1   1.6   0.00333126
0.15   1.6   0.00489318
0.2   1.6   0.00633377
0.25   1.6   0.00761757
0.3   1.6   0.00871315
0.35   1.6   0.00959387
0.4   1.6   0.0102384
0.45   1.6   0.0106314
0.5   1.6   0.0107633
0.55   1.6   0.010631
0.6   1.6   0.0102377
0.65   1.6   0.0095928
0.7   1.6   0.00871192
0.75   1.6   0.00761632
0.8   1.6   0.00633267
0.85   1.6   0.00489236
0.9   1.6   0.00333085
0.95   1.6   0.00168648
1   1.6   0

0   1.65   0
0.05   1.65   0.00141577
0.1   1.65   0.00279639
0.15   1.65   0.00410768
0.2   1.65   0.00531728
0.25   1.65   0.0063954
0.3   1.65   0.0073156
0.35   1.65   0.00805544
0.4   1.65   0.00859698
0.45   1.65   0.00892711
0.5   1.65   0.0090379
0.55   1.65   0.00892669
0.6   1.65   0.00859618
0.65   1.65   0.00805434
0.7   1.65   0.00731431
0.75   1.65   0.00639407
0.8   1.65   0.00531606
0.85   1.65   0.00410672
0.9   1.65   0.00279581
0.95   1.65   0.00141553
1   1.65   0

0   1.7   0
0.05   1.7   0.00116992
0.1   1.7   0.00231083
0.15   1.7   0.00339452
0.2   1.7   0.00439426
0.25   1.7   0.00528544
0.3   1.7   0.00604617
0.35   1.7   0.00665787
0.4   1.7   0.00710564
0.45   1.7   0.00737862
0.5   1.7   0.00747021
0.55   1.7   0.00737821
0.6   1.7   0.00710486
0.65   1.7   0.00665678
0.7   1.7   0.00604489
0.75   1.7   0.0052841
0.8   1.7   0.004393
0.85   1.7   0.00339348
0.9   1.7   0.00231014
0.95   1.7   0.0011696
1   1.7   0

0   1.75   0
0.05   1.75   0.000944773
0.1   1.75   0.00186614
0.15   1.75   0.00274134
0.2   1.75   0.0035488
0.25   1.75   0.00426863
0.3   1.75   0.00488315
0.35   1.75   0.00537732
0.4   1.75   0.00573908
0.45   1.75   0.00595962
0.5   1.75   0.0060336
0.55   1.75   0.00595924
0.6   1.75   0.00573835
0.65   1.75   0.0053763
0.7   1.75   0.00488195
0.75   1.75   0.00426735
0.8   1.75   0.00354758
0.85   1.75   0.0027403
0.9   1.75   0.00186541
0.95   1.75   0.000944404
1   1.75   0

0   1.8   0
0.05   1.8   0.000736397
0.1   1.8   0.00145456
0.15   1.8   0.00213676
0.2   1.8   0.00276619
0.25   1.8   0.00332735
0.3   1.8   0.00380643
0.35   1.8   0.00419171
0.4   1.8   0.00447376
0.45   1.8   0.00464571
0.5   1.8   0.00470338
0.55   1.8   0.00464537
0.6   1.8   0.00447311
0.65   1.8   0.00419081
0.7   1.8   0.00380536
0.75   1.8   0.00332619
0.8   1.8   0.00276507
0.85   1.8   0.00213578
0.9   1.8   0.00145384
0.95   1.8   0.000736014
1   1.8   0

0   1.85   0
0.05   1.85   0.00054112
0.1   1.85   0.00106885
0.15   1.85   0.00157016
0.2   1.85   0.0020327
0.25   1.85   0.00244509
0.3   1.85   0.00279718
0.35   1.85   0.00308034
0.4   1.85   0.00328764
0.45   1.85   0.00341401
0.5   1.85   0.00345639
0.55   1.85   0.00341374
0.6   1.85   0.00328712
0.65   1.85   0.00307961
0.7   1.85   0.0027963
0.75   1.85   0.00244414
0.8   1.85   0.00203176
0.85   1.85   0.00156931
0.9   1.85   0.00106819
0.95   1.85   0.000540759
1   1.85   0

0   1.9   0
0.05   1.9   0.000355482
0.1   1.9   0.000702163
0.15   1.9   0.0010315
0.2   1.9   0.00133537
0.25   1.9   0.0016063
0.3   1.9   0.00183762
0.35   1.9   0.00202366
0.4   1.9   0.00215986
0.45   1.9   0.00224289
0.5   1.9   0.00227072
0.55   1.9   0.00224269
0.6   1.9   0.00215948
0.65   1.9   0.00202314
0.7   1.9   0.00183699
0.75   1.9   0.00160561
0.8   1.9   0.00133468
0.85   1.9   0.00103086
0.9   1.9   0.000701645
0.95   1.9   0.000355184
1   1.9   0

0   1.95   0
0.05   1.95   0.000176173
0.1   1.95   0.000347985
0.15   1.95   0.000511201
0.2   1.95   0.000661801
0.25   1.95   0.000796075
0.3   1.95   0.000910721
0.35   1.95   0.00100292
0.4   1.95   0.00107043
0.45   1.95   0.00111158
0.5   1.95   0.00112537
0.55   1.95   0.00111148
0.6   1.95   0.00107023
0.65   1.95   0.00100265
0.7   1.95   0.000910389
0.75   1.95   0.000795709
0.8   1.95   0.000661431
0.85   1.95   0.000510856
0.9   1.95   0.000347693
0.95   1.95   0.000176001
1   1.95   0

0   2   0
0.05   2   0
0.1   2   0
0.15   2   0
0.2   2   0
0.25   2   0
0.3   2   0
0.35   2   0
0.4   2   0
0.45   2   0
0.5   2   0
0.55   2   0
0.6   2   0
0.65   2   0
0.7   2   0
0.75   2   0
0.8   2   0
0.85   2   0
0.9   2   0
0.95   2   0
1   2   0

