0   1
0.0252525   1
0.0505051   1
0.0757576   1
0.10101   1
0.126263   1
0.151515   1
0.176768   1
0.20202   1
0.227273   1
0.252525   1
0.277778   1
0.30303   1
0.328283   1
0.353535   1
0.378788   1
0.40404   1
0.429293   1
0.454545   1
0.479798   1
0.505051   1
0.530303   1
0.555556   1
0.580808   1
0.606061   1
0.631313   1
0.656566   1
0.681818   1
0.707071   1
0.732323   1
0.757576   1
0.782828   1
0.808081   0.999993
0.833333   0.999918
0.858586   0.999321
0.883838   0.995849
0.909091   0.981027
0.934343   0.934649
0.959596   0.828241
0.984848   0.649191
1.0101   0.428198
1.03535   0.228117
1.06061   0.0952396
1.08586   0.0305161
1.11111   0.00739742
1.13636   0.00134343
1.16162   0.000181539
1.18687   1.81649e-05
1.21212   1.34113e-06
1.23737   7.28701e-08
1.26263   2.90805e-09
1.28788   8.51065e-11
1.31313   1.82435e-12
1.33838   2.86167e-14
1.36364   3.28216e-16
1.38889   2.75076e-18
1.41414   1.68372e-20
1.43939   7.52343e-23
1.46465   2.4532e-25
1.4899   5.83554e-28
1.51515   1.01238e-30
1.5404   1.28061e-33
1.56566   1.1809e-36
1.59091   7.93694e-40
1.61616   3.8875e-43
1.64141   1.38741e-46
1.66667   3.60745e-50
1.69192   6.83299e-54
1.71717   9.42742e-58
1.74242   9.47346e-62
1.76768   6.93302e-66
1.79293   3.69491e-70
1.81818   1.43391e-74
1.84343   4.05186e-79
1.86869   8.33633e-84
1.89394   1.24871e-88
1.91919   1.36175e-93
1.94444   1.08108e-98
1.9697   6.24788e-104
1.99495   2.62847e-109
2.0202   8.04921e-115
2.04545   1.79421e-120
2.07071   2.91103e-126
2.09596   3.43768e-132
2.12121   2.95472e-138
2.14646   1.84838e-144
2.17172   8.41548e-151
2.19697   2.7885e-157
2.22222   6.72448e-164
2.24747   1.18014e-170
2.27273   1.50727e-177
2.29798   1.40095e-184
2.32323   9.47595e-192
2.34848   4.66426e-199
2.37374   1.6707e-206
2.39899   4.35476e-214
2.42424   8.25991e-222
2.44949   1.14006e-229
2.47475   1.14502e-237
2.5   8.36812e-246
