0   1
0.0100402   1
0.0200803   1
0.0301205   1
0.0401606   1
0.0502008   1
0.060241   1
0.0702811   1
0.0803213   1
0.0903614   1
0.100402   1
0.110442   1
0.120482   1
0.130522   1
0.140562   1
0.150602   1
0.160643   1
0.170683   1
0.180723   1
0.190763   1
0.200803   1
0.210843   1
0.220884   1
0.230924   1
0.240964   1
0.251004   1
0.261044   1
0.271084   1
0.281124   1
0.291165   1
0.301205   1
0.311245   1
0.321285   1
0.331325   1
0.341365   1
0.351406   1
0.361446   1
0.371486   1
0.381526   1
0.391566   1
0.401606   1
0.411647   1
0.421687   1
0.431727   1
0.441767   1
0.451807   1
0.461847   1
0.471888   1
0.481928   1
0.491968   1
0.502008   1
0.512048   1
0.522088   1
0.532129   1
0.542169   1
0.552209   1
0.562249   1
0.572289   1
0.582329   1
0.592369   1
0.60241   1
0.61245   1
0.62249   1
0.63253   1
0.64257   1
0.65261   1
0.662651   1
0.672691   1
0.682731   1
0.692771   1
0.702811   1
0.712851   1
0.722892   1
0.732932   1
0.742972   1
0.753012   1
0.763052   1
0.773092   1
0.783133   0.999999
0.793173   0.999998
0.803213   0.999996
0.813253   0.999988
0.823293   0.999967
0.833333   0.999918
0.843373   0.999803
0.853414   0.999549
0.863454   0.999016
0.873494   0.997952
0.883534   0.995932
0.893574   0.992283
0.903614   0.986017
0.913655   0.97578
0.923695   0.959873
0.933735   0.936362
0.943775   0.903311
0.953815   0.859119
0.963855   0.802917
0.973896   0.734935
0.983936   0.656719
0.993976   0.571127
1.00402   0.482039
1.01406   0.393843
1.0241   0.310795
1.03414   0.236416
1.04418   0.173056
1.05422   0.121719
1.06426   0.0821553
1.0743   0.0531553
1.08434   0.032937
1.09438   0.0195297
1.10442   0.0110734
1.11446   0.00600037
1.1245   0.00310574
1.13454   0.00153478
1.14458   0.000723859
1.15462   0.000325714
1.16466   0.000139787
1.1747   5.72046e-05
1.18474   2.23165e-05
1.19478   8.29785e-06
1.20482   2.94014e-06
1.21486   9.9258e-07
1.2249   3.19222e-07
1.23494   9.77899e-08
1.24498   2.85311e-08
1.25502   7.92719e-09
1.26506   2.09728e-09
1.2751   5.28312e-10
1.28514   1.26703e-10
1.29518   2.8928e-11
1.30522   6.28713e-12
1.31526   1.30066e-12
1.3253   2.56112e-13
1.33534   4.79983e-14
1.34538   8.56118e-15
1.35542   1.45323e-15
1.36546   2.34751e-16
1.3755   3.60863e-17
1.38554   5.27861e-18
1.39558   7.34729e-19
1.40562   9.73088e-20
1.41566   1.22626e-20
1.4257   1.4703e-21
1.43574   1.6773e-22
1.44578   1.8205e-23
1.45582   1.8799e-24
1.46586   1.84686e-25
1.4759   1.72616e-26
1.48594   1.53485e-27
1.49598   1.29833e-28
1.50602   1.04478e-29
1.51606   7.99814e-31
1.5261   5.82457e-32
1.53614   4.03502e-33
1.54618   2.65907e-34
1.55622   1.6669e-35
1.56627   9.93986e-37
1.57631   5.63817e-38
1.58635   3.04214e-39
1.59639   1.56134e-40
1.60643   7.62237e-42
1.61647   3.53959e-43
1.62651   1.56345e-44
1.63655   6.56864e-46
1.64659   2.62499e-47
1.65663   9.97785e-49
1.66667   3.60745e-50
1.67671   1.24055e-51
1.68675   4.05765e-53
1.69679   1.26236e-54
1.70683   3.73535e-56
1.71687   1.05129e-57
1.72691   2.81416e-59
1.73695   7.16493e-61
1.74699   1.73504e-62
1.75703   3.9961e-64
1.76707   8.75376e-66
1.77711   1.82381e-67
1.78715   3.61402e-69
1.79719   6.81122e-71
1.80723   1.22091e-72
1.81727   2.08142e-74
1.82731   3.37486e-76
1.83735   5.20438e-78
1.84739   7.63306e-80
1.85743   1.06474e-81
1.86747   1.41254e-83
1.87751   1.78225e-85
1.88755   2.13869e-87
1.89759   2.44082e-89
1.90763   2.64931e-91
1.91767   2.73487e-93
1.92771   2.685e-95
1.93775   2.50702e-97
1.94779   2.22626e-99
1.95783   1.88016e-101
1.96787   1.51014e-103
1.97791   1.15355e-105
1.98795   8.38029e-108
1.99799   5.79e-110
2.00803   3.80449e-112
2.01807   2.37745e-114
2.02811   1.41293e-116
2.03815   7.98597e-119
2.04819   4.29268e-121
2.05823   2.19444e-123
2.06827   1.06687e-125
2.07831   4.93276e-128
2.08835   2.16901e-130
2.09839   9.07034e-133
2.10843   3.60725e-135
2.11847   1.36433e-137
2.12851   4.90738e-140
2.13855   1.67868e-142
2.14859   5.46105e-145
2.15863   1.68955e-147
2.16867   4.97109e-150
2.17871   1.39097e-152
2.18876   3.70145e-155
2.1988   9.36719e-158
2.20884   2.2544e-160
2.21888   5.15986e-163
2.22892   1.12312e-165
2.23896   2.32488e-168
2.249   4.57674e-171
2.25904   8.56828e-174
2.26908   1.5255e-176
2.27912   2.58294e-179
2.28916   4.15906e-182
2.2992   6.36879e-185
2.30924   9.27468e-188
2.31928   1.28446e-190
2.32932   1.69169e-193
2.33936   2.11885e-196
2.3494   2.52383e-199
2.35944   2.85888e-202
2.36948   3.07971e-205
2.37952   3.15502e-208
2.38956   3.07376e-211
2.3996   2.84784e-214
2.40964   2.50922e-217
2.41968   2.1025e-220
2.42972   1.67537e-223
2.43976   1.26958e-226
2.4498   9.14923e-230
2.45984   6.27025e-233
2.46988   4.08657e-236
2.47992   2.53284e-239
2.48996   1.4929e-242
2.5   8.36812e-246
