0   1
0.0510204   1
0.102041   1
0.153061   1
0.204082   1
0.255102   1
0.306122   1
0.357143   1
0.408163   1
0.459184   1
0.510204   1
0.561224   1
0.612245   1
0.663265   1
0.714286   1
0.765306   1
0.816327   0.999983
0.867347   0.998685
0.918367   0.969134
0.969388   0.766847
1.02041   0.34046
1.07143   0.0604604
1.12245   0.00356584
1.17347   6.39822e-05
1.22449   3.34669e-07
1.27551   4.98882e-10
1.32653   2.09189e-13
1.37755   2.44749e-17
1.42857   7.9477e-22
1.47959   7.13692e-27
1.53061   1.76763e-32
1.58163   1.20517e-38
1.63265   2.25862e-45
1.68367   1.1622e-52
1.73469   1.64049e-60
1.78571   6.34757e-69
1.83673   6.72864e-78
1.88776   1.95308e-87
1.93878   1.55171e-97
1.9898   3.37328e-108
2.04082   2.00592e-119
2.09184   3.26205e-131
2.14286   1.45039e-143
2.19388   1.76286e-156
2.2449   5.85622e-170
2.29592   5.31643e-184
2.34694   1.31877e-198
2.39796   8.93749e-214
2.44898   1.65468e-229
2.5   8.36812e-246
