0   1
0.0125628   1
0.0251256   1
0.0376884   1
0.0502513   1
0.0628141   1
0.0753769   1
0.0879397   1
0.100503   1
0.113065   1
0.125628   1
0.138191   1
0.150754   1
0.163317   1
0.175879   1
0.188442   1
0.201005   1
0.213568   1
0.226131   1
0.238693   1
0.251256   1
0.263819   1
0.276382   1
0.288945   1
0.301508   1
0.31407   1
0.326633   1
0.339196   1
0.351759   1
0.364322   1
0.376884   1
0.389447   1
0.40201   1
0.414573   1
0.427136   1
0.439698   1
0.452261   1
0.464824   1
0.477387   1
0.48995   1
0.502513   1
0.515075   1
0.527638   1
0.540201   1
0.552764   1
0.565327   1
0.577889   1
0.590452   1
0.603015   1
0.615578   1
0.628141   1
0.640704   1
0.653266   1
0.665829   1
0.678392   1
0.690955   1
0.703518   1
0.71608   1
0.728643   1
0.741206   1
0.753769   1
0.766332   1
0.778894   1
0.791457   0.999999
0.80402   0.999995
0.816583   0.999983
0.829146   0.999944
0.841709   0.999829
0.854271   0.999517
0.866834   0.998734
0.879397   0.996916
0.89196   0.993017
0.904523   0.985278
0.917085   0.971076
0.929648   0.946977
0.942211   0.909158
0.954774   0.854277
0.967337   0.78063
0.979899   0.689237
0.992462   0.584358
1.00503   0.473061
1.01759   0.363842
1.03015   0.264726
1.04271   0.18155
1.05528   0.117002
1.06784   0.0706808
1.0804   0.0399409
1.09296   0.0210766
1.10553   0.0103713
1.11809   0.00475341
1.13065   0.00202717
1.14322   0.000803772
1.15578   0.000296094
1.16834   0.000101281
1.1809   3.21521e-05
1.19347   9.46868e-06
1.20603   2.58587e-06
1.21859   6.54673e-07
1.23116   1.5361e-07
1.24372   3.33957e-08
1.25628   6.72578e-09
1.26884   1.25457e-09
1.28141   2.16707e-10
1.29397   3.4659e-11
1.30653   5.13175e-12
1.3191   7.03347e-13
1.33166   8.92244e-14
1.34422   1.04753e-14
1.35678   1.13809e-15
1.36935   1.14415e-16
1.38191   1.06428e-17
1.39447   9.15935e-19
1.40704   7.29264e-20
1.4196   5.37146e-21
1.43216   3.65987e-22
1.44472   2.30667e-23
1.45729   1.34472e-24
1.46985   7.25084e-26
1.48241   3.61609e-27
1.49497   1.6679e-28
1.50754   7.11489e-30
1.5201   2.80685e-31
1.53266   1.02403e-32
1.54523   3.45491e-34
1.55779   1.07791e-35
1.57035   3.10983e-37
1.58291   8.29649e-39
1.59548   2.04666e-40
1.60804   4.66856e-42
1.6206   9.84686e-44
1.63317   1.92036e-45
1.64573   3.46285e-47
1.65829   5.77355e-49
1.67085   8.90028e-51
1.68342   1.26856e-52
1.69598   1.6717e-54
1.70854   2.03678e-56
1.72111   2.29435e-58
1.73367   2.38948e-60
1.74623   2.30075e-62
1.75879   2.04811e-64
1.77136   1.68559e-66
1.78392   1.28251e-68
1.79648   9.02147e-71
1.80905   5.86676e-73
1.82161   3.52711e-75
1.83417   1.96037e-77
1.84673   1.00728e-79
1.8593   4.78472e-82
1.87186   2.10112e-84
1.88442   8.52966e-87
1.89698   3.20108e-89
1.90955   1.11056e-91
1.92211   3.56179e-94
1.93467   1.05602e-96
1.94724   2.89433e-99
1.9598   7.3333e-102
1.97236   1.7176e-104
1.98492   3.71888e-107
1.99749   7.44339e-110
2.01005   1.37719e-112
2.02261   2.3555e-115
2.03518   3.7242e-118
2.04774   5.44308e-121
2.0603   7.35385e-124
2.07286   9.18424e-127
2.08543   1.0603e-129
2.09799   1.13153e-132
2.11055   1.11625e-135
2.12312   1.01791e-138
2.13568   8.58036e-142
2.14824   6.68579e-145
2.1608   4.81559e-148
2.17337   3.20623e-151
2.18593   1.97327e-154
2.19849   1.12259e-157
2.21106   5.90343e-161
2.22362   2.86966e-164
2.23618   1.28943e-167
2.24874   5.35562e-171
2.26131   2.05618e-174
2.27387   7.29714e-178
2.28643   2.39378e-181
2.29899   7.25861e-185
2.31156   2.03452e-188
2.32412   5.27115e-192
2.33668   1.26237e-195
2.34925   2.79449e-199
2.36181   5.71812e-203
2.37437   1.08153e-206
2.38693   1.89085e-210
2.3995   3.05568e-214
2.41206   4.56449e-218
2.42462   6.30242e-222
2.43719   8.04365e-226
2.44975   9.4892e-230
2.46231   1.03475e-233
2.47487   1.04297e-237
2.48744   9.71708e-242
2.5   8.36812e-246
