0   1
0.00716332   1
0.0143266   1
0.02149   1
0.0286533   1
0.0358166   1
0.0429799   1
0.0501433   1
0.0573066   1
0.0644699   1
0.0716332   1
0.0787966   1
0.0859599   1
0.0931232   1
0.100287   1
0.10745   1
0.114613   1
0.121777   1
0.12894   1
0.136103   1
0.143266   1
0.15043   1
0.157593   1
0.164756   1
0.17192   1
0.179083   1
0.186246   1
0.19341   1
0.200573   1
0.207736   1
0.2149   1
0.222063   1
0.229226   1
0.23639   1
0.243553   1
0.250716   1
0.25788   1
0.265043   1
0.272206   1
0.27937   1
0.286533   1
0.293696   1
0.30086   1
0.308023   1
0.315186   1
0.32235   1
0.329513   1
0.336676   1
0.34384   1
0.351003   1
0.358166   1
0.36533   1
0.372493   1
0.379656   1
0.386819   1
0.393983   1
0.401146   1
0.408309   1
0.415473   1
0.422636   1
0.429799   1
0.436963   1
0.444126   1
0.451289   1
0.458453   1
0.465616   1
0.472779   1
0.479943   1
0.487106   1
0.494269   1
0.501433   1
0.508596   1
0.515759   1
0.522923   1
0.530086   1
0.537249   1
0.544413   1
0.551576   1
0.558739   1
0.565903   1
0.573066   1
0.580229   1
0.587393   1
0.594556   1
0.601719   1
0.608883   1
0.616046   1
0.623209   1
0.630372   1
0.637536   1
0.644699   1
0.651862   1
0.659026   1
0.666189   1
0.673352   1
0.680516   1
0.687679   1
0.694842   1
0.702006   1
0.709169   1
0.716332   1
0.723496   1
0.730659   1
0.737822   1
0.744986   1
0.752149   1
0.759312   1
0.766476   1
0.773639   1
0.780802   1
0.787966   0.999999
0.795129   0.999998
0.802292   0.999996
0.809456   0.999992
0.816619   0.999983
0.823782   0.999966
0.830946   0.999934
0.838109   0.999874
0.845272   0.999768
0.852436   0.999583
0.859599   0.999266
0.866762   0.99874
0.873926   0.997888
0.881089   0.996543
0.888252   0.994472
0.895415   0.991365
0.902579   0.986821
0.909742   0.980343
0.916905   0.971341
0.924069   0.959146
0.931232   0.943043
0.938395   0.922316
0.945559   0.89631
0.952722   0.864506
0.959885   0.826589
0.967049   0.782526
0.974212   0.732614
0.981375   0.6775
0.988539   0.61818
0.995702   0.555941
1.00287   0.492289
1.01003   0.428833
1.01719   0.367168
1.02436   0.308756
1.03152   0.25482
1.03868   0.206275
1.04585   0.163683
1.05301   0.127258
1.06017   0.0968922
1.06734   0.0722163
1.0745   0.05267
1.08166   0.0375777
1.08883   0.0262183
1.09599   0.0178843
1.10315   0.0119241
1.11032   0.00776916
1.11748   0.00494575
1.12464   0.00307555
1.13181   0.001868
1.13897   0.00110798
1.14613   0.000641698
1.1533   0.000362846
1.16046   0.00020029
1.16762   0.00010792
1.17479   5.67551e-05
1.18195   2.91298e-05
1.18911   1.45903e-05
1.19628   7.13111e-06
1.20344   3.40084e-06
1.2106   1.58244e-06
1.21777   7.18383e-07
1.22493   3.18164e-07
1.23209   1.37465e-07
1.23926   5.79375e-08
1.24642   2.38197e-08
1.25358   9.5523e-09
1.26074   3.73644e-09
1.26791   1.42551e-09
1.27507   5.3044e-10
1.28223   1.92504e-10
1.2894   6.81353e-11
1.29656   2.35191e-11
1.30372   7.91727e-12
1.31089   2.59913e-12
1.31805   8.32085e-13
1.32521   2.59769e-13
1.33238   7.90822e-14
1.33954   2.34766e-14
1.3467   6.79592e-15
1.35387   1.91828e-15
1.36103   5.27983e-16
1.36819   1.41699e-16
1.37536   3.70805e-17
1.38252   9.46132e-18
1.38968   2.35386e-18
1.39685   5.70987e-19
1.40401   1.35047e-19
1.41117   3.11424e-20
1.41834   7.00201e-21
1.4255   1.53495e-21
1.43266   3.28066e-22
1.43983   6.8363e-23
1.44699   1.3889e-23
1.45415   2.7511e-24
1.46132   5.31281e-25
1.46848   1.00028e-25
1.47564   1.8361e-26
1.48281   3.28584e-27
1.48997   5.7328e-28
1.49713   9.75115e-29
1.5043   1.61701e-29
1.51146   2.61416e-30
1.51862   4.12015e-31
1.52579   6.33074e-32
1.53295   9.48317e-33
1.54011   1.38487e-33
1.54728   1.97159e-34
1.55444   2.73638e-35
1.5616   3.70242e-36
1.56877   4.88365e-37
1.57593   6.27985e-38
1.58309   7.87226e-39
1.59026   9.6204e-40
1.59742   1.14612e-40
1.60458   1.33108e-41
1.61175   1.50702e-42
1.61891   1.66331e-43
1.62607   1.78962e-44
1.63324   1.8771e-45
1.6404   1.91931e-46
1.64756   1.9131e-47
1.65473   1.85892e-48
1.66189   1.76082e-49
1.66905   1.62591e-50
1.67622   1.46356e-51
1.68338   1.28425e-52
1.69054   1.09854e-53
1.69771   9.16023e-55
1.70487   7.446e-56
1.71203   5.90015e-57
1.7192   4.55749e-58
1.72636   3.43171e-59
1.73352   2.51893e-60
1.74069   1.80237e-61
1.74785   1.25716e-62
1.75501   8.54781e-64
1.76218   5.6655e-65
1.76934   3.66049e-66
1.7765   2.30546e-67
1.78367   1.41544e-68
1.79083   8.47111e-70
1.79799   4.94202e-71
1.80516   2.8105e-72
1.81232   1.55803e-73
1.81948   8.41939e-75
1.82665   4.43505e-76
1.83381   2.27734e-77
1.84097   1.13991e-78
1.84814   5.56187e-80
1.8553   2.64535e-81
1.86246   1.22647e-82
1.86963   5.5429e-84
1.87679   2.44189e-85
1.88395   1.04864e-86
1.89112   4.38967e-88
1.89828   1.79121e-89
1.90544   7.12471e-91
1.91261   2.76245e-92
1.91977   1.04407e-93
1.92693   3.84653e-95
1.9341   1.38138e-96
1.94126   4.83575e-98
1.94842   1.65013e-99
1.95559   5.48881e-101
1.96275   1.77968e-102
1.96991   5.62481e-104
1.97708   1.73292e-105
1.98424   5.20415e-107
1.9914   1.52344e-108
1.99857   4.34713e-110
2.00573   1.20916e-111
2.01289   3.27841e-113
2.02006   8.66453e-115
2.02722   2.23217e-116
2.03438   5.60547e-118
2.04155   1.37213e-119
2.04871   3.27401e-121
2.05587   7.61491e-123
2.06304   1.72643e-124
2.0702   3.81532e-126
2.07736   8.21889e-128
2.08453   1.72582e-129
2.09169   3.53243e-131
2.09885   7.04776e-133
2.10602   1.37065e-134
2.11318   2.59837e-136
2.12034   4.80144e-138
2.12751   8.64849e-140
2.13467   1.51847e-141
2.14183   2.59878e-143
2.149   4.33539e-145
2.15616   7.04992e-147
2.16332   1.11747e-148
2.17049   1.72657e-150
2.17765   2.60033e-152
2.18481   3.81741e-154
2.19198   5.46266e-156
2.19914   7.61964e-158
2.2063   1.036e-159
2.21347   1.37303e-161
2.22063   1.77377e-163
2.22779   2.23361e-165
2.23496   2.74165e-167
2.24212   3.28028e-169
2.24928   3.82563e-171
2.25645   4.34901e-173
2.26361   4.81915e-175
2.27077   5.20529e-177
2.27794   5.48041e-179
2.2851   5.62437e-181
2.29226   5.62637e-183
2.29943   5.48625e-185
2.30659   5.21453e-187
2.31375   4.83113e-189
2.32092   4.36289e-191
2.32808   3.84053e-193
2.33524   3.29535e-195
2.34241   2.75616e-197
2.34957   2.24698e-199
2.35673   1.7856e-201
2.3639   1.38313e-203
2.37106   1.04432e-205
2.37822   7.68588e-208
2.38539   5.51374e-210
2.39255   3.85559e-212
2.39971   2.628e-214
2.40688   1.74603e-216
2.41404   1.13076e-218
2.4212   7.138e-221
2.42837   4.39213e-223
2.43553   2.6343e-225
2.44269   1.54008e-227
2.44986   8.77636e-230
2.45702   4.875e-232
2.46418   2.63952e-234
2.47135   1.39305e-236
2.47851   7.16633e-239
2.48567   3.5935e-241
2.49284   1.75642e-243
2.5   8.36812e-246
