1	0.00858139
2	0.010367
3	0.00822142
4	0.00933827
5	0.0101698
6	0.0101455
7	0.0102517
8	0.0105028
9	0.0106962
10	0.0108469
11	0.010988
12	0.0111144
13	0.0112241
14	0.0113221
15	0.0114112
16	0.0114925
17	0.0115674
18	0.0116369
19	0.0117017
20	0.0117624
21	0.0118196
22	0.0118736
23	0.0119248
24	0.0119737
25	0.0120204
26	0.0120653
27	0.0121086
28	0.0121505
29	0.012191
30	0.0122305
31	0.0122689
32	0.0123064
33	0.0123431
34	0.012379
35	0.0124143
36	0.0124489
37	0.0124829
38	0.0125164
39	0.0125494
40	0.012582
41	0.0126141
42	0.0126459
43	0.0126773
44	0.0127083
45	0.012739
46	0.0127693
47	0.0127994
48	0.0128292
49	0.0128588
50	0.012888
51	0.0129171
52	0.0129459
53	0.0129744
54	0.0130028
55	0.0130309
56	0.0130588
57	0.0130865
58	0.0131141
59	0.0131414
60	0.0131686
61	0.0131955
62	0.0132223
63	0.013249
64	0.0132754
65	0.0133017
66	0.0133279
67	0.0133539
68	0.0133797
69	0.0134054
70	0.0134309
71	0.0134563
72	0.0134816
73	0.0135067
74	0.0135316
75	0.0135565
76	0.0135812
77	0.0136058
78	0.0136302
79	0.0136545
80	0.0136787
81	0.0137028
82	0.0137267
83	0.0137505
84	0.0137742
85	0.0137978
86	0.0138213
87	0.0138446
88	0.0138678
89	0.013891
90	0.013914
91	0.0139369
92	0.0139597
93	0.0139824
94	0.0140049
95	0.0140274
96	0.0140498
97	0.0140721
98	0.0140942
99	0.0141163
100	0.0141383
101	0.0141601
102	0.0141819
103	0.0142036
104	0.0142252
105	0.0142467
106	0.0142681
107	0.0142894
108	0.0143106
109	0.0143317
110	0.0143528
111	0.0143737
112	0.0143946
113	0.0144153
114	0.014436
115	0.0144566
116	0.0144771
117	0.0144976
118	0.0145179
119	0.0145382
120	0.0145584
121	0.0145785
122	0.0145985
123	0.0146184
124	0.0146383
125	0.0146581
126	0.0146778
127	0.0146974
128	0.014717
129	0.0147365
130	0.0147559
131	0.0147752
132	0.0147945
133	0.0148137
134	0.0148328
135	0.0148519
136	0.0148708
137	0.0148897
138	0.0149086
139	0.0149274
140	0.0149461
141	0.0149647
142	0.0149833
143	0.0150017
144	0.0150202
145	0.0150385
146	0.0150568
147	0.0150751
148	0.0150933
149	0.0151114
150	0.0151294
151	0.0151474
152	0.0151653
153	0.0151832
154	0.015201
155	0.0152187
156	0.0152364
157	0.015254
158	0.0152716
159	0.0152891
160	0.0153065
161	0.0153239
162	0.0153412
163	0.0153585
164	0.0153757
165	0.0153929
166	0.01541
167	0.015427
168	0.015444
169	0.0154609
170	0.0154778
171	0.0154946
172	0.0155114
173	0.0155281
174	0.0155448
175	0.0155614
176	0.015578
177	0.0155945
178	0.015611
179	0.0156274
180	0.0156437
181	0.01566
182	0.0156763
183	0.0156925
184	0.0157087
185	0.0157248
186	0.0157409
187	0.0157569
188	0.0157728
189	0.0157888
190	0.0158046
191	0.0158205
192	0.0158363
193	0.015852
194	0.0158677
195	0.0158833
196	0.0158989
197	0.0159145
198	0.01593
199	0.0159455
200	0.0159609
201	0.0159763
202	0.0159916
203	0.0160069
204	0.0160221
205	0.0160373
206	0.0160525
207	0.0160676
208	0.0160827
209	0.0160977
210	0.0161127
211	0.0161277
212	0.0161426
213	0.0161575
214	0.0161723
215	0.0161871
216	0.0162018
217	0.0162166
218	0.0162312
219	0.0162459
220	0.0162605
221	0.016275
222	0.0162895
223	0.016304
224	0.0163185
225	0.0163329
226	0.0163472
227	0.0163616
228	0.0163759
229	0.0163901
230	0.0164043
231	0.0164185
232	0.0164327
233	0.0164468
234	0.0164609
235	0.0164749
236	0.0164889
237	0.0165029
238	0.0165168
239	0.0165307
240	0.0165446
241	0.0165584
242	0.0165722
243	0.016586
244	0.0165997
245	0.0166134
246	0.0166271
247	0.0166407
248	0.0166543
249	0.0166679
250	0.0166814
251	0.0166949
252	0.0167083
253	0.0167218
254	0.0167352
255	0.0167486
256	0.0167619
257	0.0167752
258	0.0167885
259	0.0168017
260	0.0168149
261	0.0168281
262	0.0168413
263	0.0168544
264	0.0168675
265	0.0168806
266	0.0168936
267	0.0169066
268	0.0169196
269	0.0169325
270	0.0169454
271	0.0169583
272	0.0169712
273	0.016984
274	0.0169968
275	0.0170096
276	0.0170223
277	0.017035
278	0.0170477
279	0.0170604
280	0.017073
281	0.0170856
282	0.0170982
283	0.0171107
284	0.0171232
285	0.0171357
286	0.0171482
287	0.0171606
288	0.017173
289	0.0171854
290	0.0171978
291	0.0172101
292	0.0172224
293	0.0172347
294	0.017247
295	0.0172592
296	0.0172714
297	0.0172836
298	0.0172957
299	0.0173079
300	0.01732
301	0.017332
302	0.0173441
303	0.0173561
304	0.0173681
305	0.0173801
306	0.017392
307	0.017404
308	0.0174159
309	0.0174278
310	0.0174396
311	0.0174514
312	0.0174632
313	0.017475
314	0.0174868
315	0.0174985
316	0.0175102
317	0.0175219
318	0.0175336
319	0.0175452
320	0.0175569
321	0.0175685
322	0.01758
323	0.0175916
324	0.0176031
325	0.0176146
326	0.0176261
327	0.0176376
328	0.017649
329	0.0176604
330	0.0176718
331	0.0176832
332	0.0176946
333	0.0177059
334	0.0177172
335	0.0177285
336	0.0177398
337	0.017751
338	0.0177622
339	0.0177734
340	0.0177846
341	0.0177958
342	0.0178069
343	0.0178181
344	0.0178292
345	0.0178402
346	0.0178513
347	0.0178623
348	0.0178733
349	0.0178843
350	0.0178953
351	0.0179063
352	0.0179172
353	0.0179281
354	0.017939
355	0.0179499
356	0.0179608
357	0.0179716
358	0.0179824
359	0.0179932
360	0.018004
361	0.0180148
362	0.0180255
363	0.0180362
364	0.0180469
365	0.0180576
366	0.0180683
367	0.0180789
368	0.0180896
369	0.0181002
370	0.0181108
371	0.0181214
372	0.0181319
373	0.0181424
374	0.018153
375	0.0181635
376	0.018174
377	0.0181844
378	0.0181949
379	0.0182053
380	0.0182157
381	0.0182261
382	0.0182365
383	0.0182468
384	0.0182572
385	0.0182675
386	0.0182778
387	0.0182881
388	0.0182984
389	0.0183086
390	0.0183189
391	0.0183291
392	0.0183393
393	0.0183495
394	0.0183596
395	0.0183698
396	0.0183799
397	0.01839
398	0.0184001
399	0.0184102
400	0.0184203
401	0.0184304
402	0.0184404
403	0.0184504
404	0.0184604
405	0.0184704
406	0.0184804
407	0.0184903
408	0.0185003
409	0.0185102
410	0.0185201
411	0.01853
412	0.0185399
413	0.0185497
414	0.0185596
415	0.0185694
416	0.0185792
417	0.018589
418	0.0185988
419	0.0186086
420	0.0186183
421	0.0186281
422	0.0186378
423	0.0186475
424	0.0186572
425	0.0186669
426	0.0186765
427	0.0186862
428	0.0186958
429	0.0187054
430	0.018715
431	0.0187246
432	0.0187342
433	0.0187438
434	0.0187533
435	0.0187628
436	0.0187723
437	0.0187818
438	0.0187913
439	0.0188008
440	0.0188103
441	0.0188197
442	0.0188291
443	0.0188386
444	0.018848
445	0.0188573
446	0.0188667
447	0.0188761
448	0.0188854
449	0.0188948
450	0.0189041
451	0.0189134
452	0.0189227
453	0.0189319
454	0.0189412
455	0.0189505
456	0.0189597
457	0.0189689
458	0.0189781
459	0.0189873
460	0.0189965
461	0.0190057
462	0.0190148
463	0.019024
464	0.0190331
465	0.0190422
466	0.0190513
467	0.0190604
468	0.0190695
469	0.0190786
470	0.0190876
471	0.0190967
472	0.0191057
473	0.0191147
474	0.0191237
475	0.0191327
476	0.0191417
477	0.0191506
478	0.0191596
479	0.0191685
480	0.0191775
481	0.0191864
482	0.0191953
483	0.0192042
484	0.019213
485	0.0192219
486	0.0192308
487	0.0192396
488	0.0192484
489	0.0192572
490	0.0192661
491	0.0192748
492	0.0192836
493	0.0192924
494	0.0193011
495	0.0193099
496	0.0193186
497	0.0193273
498	0.0193361
499	0.0193448
500	0.0193534
501	0.0193621
