1	0.00420559
2	0.00834013
3	0.012406
4	0.0164052
5	0.02034
6	0.0242121
7	0.0280236
8	0.0317764
9	0.0354721
10	0.0391124
11	0.0426984
12	0.0462272
13	0.0496816
14	0.0530065
15	0.056076
16	0.0586676
17	0.0604676
18	0.061121
19	0.0603174
20	0.0578854
21	0.0538681
22	0.0485622
23	0.0425274
24	0.0365818
25	0.0317672
26	0.0291393
27	0.0292015
28	0.0314804
29	0.0349806
30	0.0388577
31	0.042614
32	0.0460173
33	0.0489908
34	0.0515355
35	0.0536801
36	0.055451
37	0.0568556
38	0.0578755
39	0.0584688
40	0.0585775
41	0.058141
42	0.0571108
43	0.0554659
44	0.0532269
45	0.0504678
46	0.0473242
47	0.0439988
48	0.0407605
49	0.0379312
50	0.0358472
51	0.0347836
52	0.0348617
53	0.0360015
54	0.0379642
55	0.0404489
56	0.0431747
57	0.0459164
58	0.0485094
59	0.050839
60	0.0528278
61	0.0544238
62	0.0555925
63	0.0563116
64	0.056569
65	0.0563622
66	0.0557002
67	0.0546064
68	0.0531213
69	0.0513061
70	0.0492454
71	0.0470483
72	0.0448481
73	0.0427973
74	0.0410572
75	0.0397794
76	0.0390806
77	0.0390179
78	0.0395753
79	0.0406696
80	0.0421721
81	0.0439351
82	0.0458141
83	0.0476809
84	0.0494284
85	0.0509722
86	0.052248
87	0.0532102
88	0.0538297
89	0.0540921
90	0.0539969
91	0.053557
92	0.052799
93	0.0517626
94	0.0505015
95	0.0490822
96	0.0475839
97	0.0460956
98	0.044712
99	0.0435275
100	0.042627
101	0.0420757
102	0.0419101
103	0.0421322
104	0.0427096
105	0.0435821
106	0.044671
107	0.0458893
108	0.0471513
109	0.048378
110	0.049501
111	0.0504646
112	0.051226
113	0.0517556
114	0.052036
115	0.0520623
116	0.0518411
117	0.05139
118	0.0507373
119	0.0499209
120	0.0489877
121	0.0479916
122	0.0469918
123	0.0460495
124	0.0452243
125	0.0445692
126	0.044126
127	0.043921
128	0.043962
129	0.0442378
130	0.04472
131	0.0453667
132	0.0461275
133	0.0469482
134	0.0477755
135	0.04856
136	0.0492587
137	0.0498366
138	0.0502674
139	0.0505338
140	0.0506278
141	0.0505502
142	0.0503105
143	0.0499259
144	0.0494209
145	0.0488264
146	0.0481781
147	0.0475147
148	0.0468763
149	0.0463019
150	0.0458264
151	0.0454782
152	0.045277
153	0.0452319
154	0.0453408
155	0.0455911
156	0.0459609
157	0.0464217
158	0.0469406
159	0.0474829
160	0.0480151
161	0.0485064
162	0.04893
163	0.0492648
164	0.0494955
165	0.0496132
166	0.0496153
167	0.0495055
168	0.0492933
169	0.0489934
170	0.0486253
171	0.0482118
172	0.0477782
173	0.0473507
174	0.0469549
175	0.0466145
176	0.0463492
177	0.0461738
178	0.0460966
179	0.0461196
180	0.0462378
181	0.0464405
182	0.0467117
183	0.0470319
184	0.0473794
185	0.0477323
186	0.0480692
187	0.0483711
188	0.0486218
189	0.0488088
190	0.0489239
191	0.048963
192	0.0489265
193	0.0488188
194	0.0486485
195	0.048427
196	0.0481688
197	0.0478898
198	0.0476073
199	0.0473383
200	0.0470986
201	0.046902
202	0.0467595
203	0.0466783
204	0.0466615
205	0.046708
206	0.0468128
207	0.0469674
208	0.0471604
209	0.0473786
210	0.0476081
211	0.0478345
212	0.0480447
213	0.0482268
214	0.0483713
215	0.0484712
216	0.0485223
217	0.0485233
218	0.0484758
219	0.0483843
220	0.0482553
221	0.0480975
222	0.0479212
223	0.0477373
224	0.047557
225	0.047391
226	0.0472489
227	0.0471387
228	0.0470662
229	0.0470345
230	0.0470444
231	0.0470939
232	0.0471785
233	0.0472921
234	0.0474265
235	0.0475732
236	0.0477227
237	0.0478662
238	0.0479953
239	0.0481031
240	0.0481839
241	0.0482341
242	0.0482517
243	0.0482368
244	0.0481915
245	0.0481193
246	0.0480255
247	0.0479161
248	0.0477983
249	0.0476792
250	0.0475662
251	0.0474657
252	0.0473836
253	0.0473241
254	0.0472903
255	0.0472834
256	0.0473029
257	0.0473468
258	0.0474117
259	0.047493
260	0.0475852
261	0.0476824
262	0.0477788
263	0.0478686
264	0.0479468
265	0.0480093
266	0.0480528
267	0.0480756
268	0.048077
269	0.0480577
270	0.0480196
271	0.0479655
272	0.0478992
273	0.0478251
274	0.0477478
275	0.047672
276	0.0476024
277	0.0475429
278	0.0474968
279	0.0474665
280	0.0474534
281	0.0474577
282	0.0474787
283	0.0475145
284	0.0475626
285	0.0476197
286	0.0476821
287	0.0477459
288	0.0478074
289	0.047863
290	0.0479097
291	0.047945
292	0.0479673
293	0.0479758
294	0.0479704
295	0.0479521
296	0.0479222
297	0.0478831
298	0.0478375
299	0.0477881
300	0.0477383
301	0.047691
302	0.047649
303	0.0476147
304	0.0475899
305	0.047576
306	0.0475734
307	0.047582
308	0.0476009
309	0.0476287
310	0.0476635
311	0.047703
312	0.0477448
313	0.0477864
314	0.0478253
315	0.0478594
316	0.0478868
317	0.0479063
318	0.0479169
319	0.0479184
320	0.0479111
321	0.0478958
322	0.0478736
323	0.0478462
324	0.0478154
325	0.0477832
326	0.0477517
327	0.0477228
328	0.0476981
329	0.0476791
330	0.0476667
331	0.0476616
332	0.0476639
333	0.0476733
334	0.047689
335	0.0477099
336	0.0477347
337	0.0477619
338	0.0477897
339	0.0478166
340	0.0478411
341	0.0478618
342	0.0478777
343	0.0478881
344	0.0478927
345	0.0478913
346	0.0478843
347	0.0478724
348	0.0478566
349	0.0478379
350	0.0478177
351	0.0477971
352	0.0477777
353	0.0477605
354	0.0477465
355	0.0477366
356	0.0477312
357	0.0477307
358	0.0477349
359	0.0477436
360	0.0477561
361	0.0477715
362	0.0477891
363	0.0478076
364	0.0478261
365	0.0478435
366	0.0478589
367	0.0478715
368	0.0478806
369	0.0478861
370	0.0478876
371	0.0478854
372	0.0478797
373	0.047871
374	0.0478601
375	0.0478478
376	0.0478348
377	0.0478221
378	0.0478105
379	0.0478007
380	0.0477932
381	0.0477886
382	0.0477872
383	0.0477888
384	0.0477935
385	0.0478009
386	0.0478106
387	0.0478219
388	0.0478343
389	0.047847
390	0.0478593
391	0.0478707
392	0.0478804
393	0.0478881
394	0.0478934
395	0.0478962
396	0.0478965
397	0.0478944
398	0.0478902
399	0.0478843
400	0.0478771
401	0.0478692
402	0.0478613
403	0.0478537
404	0.0478471
405	0.0478419
406	0.0478384
407	0.0478369
408	0.0478374
409	0.04784
410	0.0478445
411	0.0478506
412	0.047858
413	0.0478664
414	0.0478752
415	0.0478839
416	0.0478923
417	0.0478997
418	0.047906
419	0.0479108
420	0.0479141
421	0.0479156
422	0.0479156
423	0.047914
424	0.0479112
425	0.0479074
426	0.0479029
427	0.0478982
428	0.0478936
429	0.0478894
430	0.047886
431	0.0478837
432	0.0478825
433	0.0478827
434	0.0478842
435	0.0478871
436	0.0478911
437	0.0478961
438	0.0479018
439	0.047908
440	0.0479144
441	0.0479206
442	0.0479263
443	0.0479314
444	0.0479356
445	0.0479388
446	0.047941
447	0.047942
448	0.047942
449	0.0479411
450	0.0479394
451	0.0479373
452	0.0479348
453	0.0479322
454	0.0479298
455	0.0479279
456	0.0479265
457	0.0479259
458	0.0479261
459	0.0479272
460	0.0479292
461	0.047932
462	0.0479355
463	0.0479396
464	0.0479441
465	0.0479488
466	0.0479535
467	0.047958
468	0.0479622
469	0.0479658
470	0.0479689
471	0.0479712
472	0.0479728
473	0.0479737
474	0.047974
475	0.0479737
476	0.047973
477	0.047972
478	0.0479709
479	0.0479698
480	0.0479689
481	0.0479684
482	0.0479683
483	0.0479687
484	0.0479697
485	0.0479713
486	0.0479734
487	0.0479761
488	0.0479792
489	0.0479826
490	0.0479862
491	0.0479899
492	0.0479935
493	0.047997
494	0.0480001
495	0.0480029
496	0.0480053
497	0.0480072
498	0.0480086
499	0.0480095
500	0.0480101
501	0.0480104
