1	0.00603819
2	0.0118611
3	0.0174828
4	0.0229156
5	0.0281416
6	0.032928
7	0.0365544
8	0.0380062
9	0.0366679
10	0.0328517
11	0.0278348
12	0.0235787
13	0.0220107
14	0.0235283
15	0.02676
16	0.0302277
17	0.0330733
18	0.0348804
19	0.0354794
20	0.0348804
21	0.0332704
22	0.0310201
23	0.028664
24	0.0268181
25	0.02599
26	0.0263352
27	0.0275834
28	0.0292334
29	0.0308022
30	0.0319481
31	0.0324921
32	0.0324008
33	0.031764
34	0.0307685
35	0.0296657
36	0.0287225
37	0.0281561
38	0.0280698
39	0.0284242
40	0.0290659
41	0.0297937
42	0.0304224
43	0.0308225
44	0.0309353
45	0.0307707
46	0.0303963
47	0.0299179
48	0.0294551
49	0.0291134
50	0.0289595
51	0.0290062
52	0.0292152
53	0.0295138
54	0.0298187
55	0.0300579
56	0.0301851
57	0.0301856
58	0.0300746
59	0.0298904
60	0.0296837
61	0.0295045
62	0.029391
63	0.0293617
64	0.0294126
65	0.0295215
66	0.0296553
67	0.0297799
68	0.029868
69	0.0299043
70	0.0298875
71	0.0298284
72	0.0297462
73	0.029663
74	0.0295988
75	0.0295665
76	0.0295703
77	0.0296052
78	0.0296598
79	0.0297198
80	0.0297712
81	0.0298041
82	0.0298142
83	0.0298028
84	0.0297763
85	0.0297435
86	0.0297137
87	0.0296946
88	0.0296901
89	0.0297006
90	0.0297229
91	0.0297515
92	0.0297801
93	0.0298033
94	0.0298177
95	0.0298225
96	0.0298189
97	0.0298101
98	0.0298003
99	0.0297931
100	0.0297913
101	0.0297961
102	0.029807
103	0.0298221
104	0.0298389
105	0.029855
106	0.0298681
107	0.0298772
108	0.0298823
109	0.0298844
110	0.0298849
111	0.0298855
112	0.0298879
113	0.0298929
114	0.0299007
115	0.0299109
116	0.0299226
117	0.0299347
118	0.0299461
119	0.029956
120	0.0299643
121	0.0299709
122	0.0299764
123	0.0299817
124	0.0299872
125	0.0299937
126	0.0300014
127	0.0300104
128	0.0300203
129	0.0300307
130	0.030041
131	0.030051
132	0.0300603
133	0.0300689
134	0.030077
135	0.0300846
136	0.0300923
137	0.0301003
138	0.0301087
139	0.0301177
140	0.0301273
141	0.0301372
142	0.0301472
143	0.0301572
144	0.030167
145	0.0301766
146	0.0301858
147	0.0301949
148	0.0302039
149	0.0302129
150	0.0302221
151	0.0302316
152	0.0302414
153	0.0302514
154	0.0302615
155	0.0302717
156	0.0302818
157	0.0302919
158	0.0303018
159	0.0303117
160	0.0303215
161	0.0303314
162	0.0303413
163	0.0303513
164	0.0303614
165	0.0303717
166	0.0303821
167	0.0303925
168	0.030403
169	0.0304135
170	0.0304239
171	0.0304343
172	0.0304447
173	0.0304551
174	0.0304655
175	0.030476
176	0.0304865
177	0.0304972
178	0.0305079
179	0.0305186
180	0.0305294
181	0.0305402
182	0.030551
183	0.0305618
184	0.0305726
185	0.0305835
186	0.0305943
187	0.0306052
188	0.0306161
189	0.0306271
190	0.0306381
191	0.0306491
192	0.0306602
193	0.0306713
194	0.0306824
195	0.0306936
196	0.0307047
197	0.0307159
198	0.0307271
199	0.0307383
200	0.0307495
201	0.0307608
202	0.0307721
203	0.0307834
204	0.0307948
205	0.0308062
206	0.0308176
207	0.030829
208	0.0308404
209	0.0308519
210	0.0308634
211	0.0308749
212	0.0308864
213	0.0308979
214	0.0309095
215	0.0309211
216	0.0309327
217	0.0309443
218	0.0309559
219	0.0309676
220	0.0309793
221	0.030991
222	0.0310027
223	0.0310145
224	0.0310262
225	0.031038
226	0.0310498
227	0.0310616
228	0.0310734
229	0.0310853
230	0.0310972
231	0.031109
232	0.0311209
233	0.0311329
234	0.0311448
235	0.0311568
236	0.0311687
237	0.0311807
238	0.0311927
239	0.0312047
240	0.0312168
241	0.0312288
242	0.0312409
243	0.031253
244	0.0312651
245	0.0312772
246	0.0312893
247	0.0313014
248	0.0313136
249	0.0313258
250	0.031338
251	0.0313501
252	0.0313624
253	0.0313746
254	0.0313868
255	0.0313991
256	0.0314114
257	0.0314236
258	0.0314359
259	0.0314482
260	0.0314606
261	0.0314729
262	0.0314853
263	0.0314976
264	0.03151
265	0.0315224
266	0.0315348
267	0.0315472
268	0.0315596
269	0.0315721
270	0.0315845
271	0.031597
272	0.0316094
273	0.0316219
274	0.0316344
275	0.0316469
276	0.0316594
277	0.031672
278	0.0316845
279	0.0316971
280	0.0317096
281	0.0317222
282	0.0317348
283	0.0317474
284	0.03176
285	0.0317726
286	0.0317852
287	0.0317979
288	0.0318105
289	0.0318232
290	0.0318358
291	0.0318485
292	0.0318612
293	0.0318739
294	0.0318866
295	0.0318993
296	0.0319121
297	0.0319248
298	0.0319375
299	0.0319503
300	0.0319631
301	0.0319758
302	0.0319886
303	0.0320014
304	0.0320142
305	0.032027
306	0.0320398
307	0.0320527
308	0.0320655
309	0.0320784
310	0.0320912
311	0.0321041
312	0.0321169
313	0.0321298
314	0.0321427
315	0.0321556
316	0.0321685
317	0.0321814
318	0.0321943
319	0.0322073
320	0.0322202
321	0.0322331
322	0.0322461
323	0.032259
324	0.032272
325	0.032285
326	0.032298
327	0.032311
328	0.0323239
329	0.0323369
330	0.03235
331	0.032363
332	0.032376
333	0.032389
334	0.0324021
335	0.0324151
336	0.0324282
337	0.0324412
338	0.0324543
339	0.0324674
340	0.0324804
341	0.0324935
342	0.0325066
343	0.0325197
344	0.0325328
345	0.0325459
346	0.0325591
347	0.0325722
348	0.0325853
349	0.0325985
350	0.0326116
351	0.0326247
352	0.0326379
353	0.0326511
354	0.0326642
355	0.0326774
356	0.0326906
357	0.0327038
358	0.032717
359	0.0327302
360	0.0327434
361	0.0327566
362	0.0327698
363	0.032783
364	0.0327962
365	0.0328095
366	0.0328227
367	0.0328359
368	0.0328492
369	0.0328624
370	0.0328757
371	0.0328889
372	0.0329022
373	0.0329155
374	0.0329288
375	0.032942
376	0.0329553
377	0.0329686
378	0.0329819
379	0.0329952
380	0.0330085
381	0.0330218
382	0.0330352
383	0.0330485
384	0.0330618
385	0.0330751
386	0.0330885
387	0.0331018
388	0.0331152
389	0.0331285
390	0.0331419
391	0.0331552
392	0.0331686
393	0.033182
394	0.0331953
395	0.0332087
396	0.0332221
397	0.0332355
398	0.0332489
399	0.0332622
400	0.0332756
401	0.033289
402	0.0333025
403	0.0333159
404	0.0333293
405	0.0333427
406	0.0333561
407	0.0333695
408	0.033383
409	0.0333964
410	0.0334098
411	0.0334233
412	0.0334367
413	0.0334502
414	0.0334636
415	0.0334771
416	0.0334905
417	0.033504
418	0.0335175
419	0.0335309
420	0.0335444
421	0.0335579
422	0.0335714
423	0.0335849
424	0.0335983
425	0.0336118
426	0.0336253
427	0.0336388
428	0.0336523
429	0.0336658
430	0.0336793
431	0.0336929
432	0.0337064
433	0.0337199
434	0.0337334
435	0.0337469
436	0.0337605
437	0.033774
438	0.0337875
439	0.0338011
440	0.0338146
441	0.0338281
442	0.0338417
443	0.0338552
444	0.0338688
445	0.0338823
446	0.0338959
447	0.0339095
448	0.033923
449	0.0339366
450	0.0339502
451	0.0339637
452	0.0339773
453	0.0339909
454	0.0340045
455	0.034018
456	0.0340316
457	0.0340452
458	0.0340588
459	0.0340724
460	0.034086
461	0.0340996
462	0.0341132
463	0.0341268
464	0.0341404
465	0.034154
466	0.0341676
467	0.0341812
468	0.0341949
469	0.0342085
470	0.0342221
471	0.0342357
472	0.0342493
473	0.034263
474	0.0342766
475	0.0342902
476	0.0343039
477	0.0343175
478	0.0343311
479	0.0343448
480	0.0343584
481	0.0343721
482	0.0343857
483	0.0343994
484	0.034413
485	0.0344267
486	0.0344403
487	0.034454
488	0.0344677
489	0.0344813
490	0.034495
491	0.0345087
492	0.0345223
493	0.034536
494	0.0345497
495	0.0345633
496	0.034577
497	0.0345907
498	0.0346044
499	0.0346181
500	0.0346317
501	0.0346454
