1	0.00960504
2	0.0172779
3	0.0188306
4	0.0161203
5	0.0149934
6	0.0162164
7	0.0170844
8	0.0168576
9	0.0163524
10	0.0162481
11	0.0164506
12	0.0166145
13	0.0166439
14	0.0166425
15	0.016692
16	0.0167801
17	0.0168652
18	0.0169347
19	0.0170008
20	0.0170735
21	0.0171516
22	0.0172302
23	0.0173073
24	0.0173844
25	0.0174625
26	0.0175415
27	0.0176207
28	0.0176998
29	0.0177789
30	0.0178582
31	0.0179374
32	0.0180167
33	0.0180958
34	0.0181749
35	0.0182538
36	0.0183326
37	0.0184113
38	0.0184898
39	0.0185682
40	0.0186464
41	0.0187244
42	0.0188022
43	0.0188799
44	0.0189574
45	0.0190346
46	0.0191117
47	0.0191886
48	0.0192652
49	0.0193417
50	0.019418
51	0.019494
52	0.0195699
53	0.0196456
54	0.0197211
55	0.0197963
56	0.0198714
57	0.0199463
58	0.020021
59	0.0200954
60	0.0201697
61	0.0202438
62	0.0203177
63	0.0203915
64	0.020465
65	0.0205383
66	0.0206115
67	0.0206845
68	0.0207573
69	0.0208299
70	0.0209023
71	0.0209746
72	0.0210466
73	0.0211185
74	0.0211903
75	0.0212619
76	0.0213333
77	0.0214045
78	0.0214756
79	0.0215465
80	0.0216172
81	0.0216878
82	0.0217582
83	0.0218285
84	0.0218986
85	0.0219686
86	0.0220384
87	0.022108
88	0.0221775
89	0.0222469
90	0.0223161
91	0.0223852
92	0.0224541
93	0.0225229
94	0.0225916
95	0.0226601
96	0.0227284
97	0.0227967
98	0.0228648
99	0.0229327
100	0.0230006
101	0.0230683
102	0.0231358
103	0.0232033
104	0.0232706
105	0.0233378
106	0.0234049
107	0.0234718
108	0.0235386
109	0.0236053
110	0.0236719
111	0.0237384
112	0.0238047
113	0.023871
114	0.0239371
115	0.0240031
116	0.024069
117	0.0241347
118	0.0242004
119	0.0242659
120	0.0243314
121	0.0243967
122	0.0244619
123	0.024527
124	0.0245921
125	0.024657
126	0.0247218
127	0.0247865
128	0.0248511
129	0.0249156
130	0.02498
131	0.0250443
132	0.0251085
133	0.0251726
134	0.0252366
135	0.0253005
136	0.0253643
137	0.025428
138	0.0254916
139	0.0255552
140	0.0256186
141	0.0256819
142	0.0257452
143	0.0258084
144	0.0258714
145	0.0259344
146	0.0259973
147	0.0260601
148	0.0261229
149	0.0261855
150	0.026248
151	0.0263105
152	0.0263729
153	0.0264352
154	0.0264974
155	0.0265596
156	0.0266216
157	0.0266836
158	0.0267455
159	0.0268073
160	0.026869
161	0.0269307
162	0.0269922
163	0.0270537
164	0.0271152
165	0.0271765
166	0.0272378
167	0.027299
168	0.0273601
169	0.0274211
170	0.0274821
171	0.027543
172	0.0276038
173	0.0276646
174	0.0277253
175	0.0277859
176	0.0278464
177	0.0279069
178	0.0279673
179	0.0280276
180	0.0280878
181	0.028148
182	0.0282082
183	0.0282682
184	0.0283282
185	0.0283881
186	0.028448
187	0.0285077
188	0.0285675
189	0.0286271
190	0.0286867
191	0.0287462
192	0.0288057
193	0.0288651
194	0.0289244
195	0.0289837
196	0.0290429
197	0.0291021
198	0.0291611
199	0.0292202
200	0.0292791
201	0.029338
202	0.0293969
203	0.0294557
204	0.0295144
205	0.029573
206	0.0296316
207	0.0296902
208	0.0297487
209	0.0298071
210	0.0298655
211	0.0299238
212	0.029982
213	0.0300402
214	0.0300984
215	0.0301565
216	0.0302145
217	0.0302725
218	0.0303304
219	0.0303883
220	0.0304461
221	0.0305038
222	0.0305615
223	0.0306192
224	0.0306768
225	0.0307343
226	0.0307918
227	0.0308493
228	0.0309066
229	0.030964
230	0.0310213
231	0.0310785
232	0.0311357
233	0.0311928
234	0.0312499
235	0.0313069
236	0.0313639
237	0.0314208
238	0.0314777
239	0.0315345
240	0.0315913
241	0.031648
242	0.0317047
243	0.0317613
244	0.0318179
245	0.0318744
246	0.0319309
247	0.0319874
248	0.0320438
249	0.0321001
250	0.0321564
251	0.0322127
252	0.0322689
253	0.032325
254	0.0323811
255	0.0324372
256	0.0324932
257	0.0325492
258	0.0326051
259	0.032661
260	0.0327169
261	0.0327727
262	0.0328284
263	0.0328841
264	0.0329398
265	0.0329954
266	0.033051
267	0.0331065
268	0.033162
269	0.0332175
270	0.0332729
271	0.0333282
272	0.0333836
273	0.0334388
274	0.0334941
275	0.0335493
276	0.0336044
277	0.0336595
278	0.0337146
279	0.0337696
280	0.0338246
281	0.0338796
282	0.0339345
283	0.0339893
284	0.0340442
285	0.034099
286	0.0341537
287	0.0342084
288	0.0342631
289	0.0343177
290	0.0343723
291	0.0344268
292	0.0344813
293	0.0345358
294	0.0345902
295	0.0346446
296	0.034699
297	0.0347533
298	0.0348076
299	0.0348618
300	0.034916
301	0.0349702
302	0.0350243
303	0.0350784
304	0.0351325
305	0.0351865
306	0.0352404
307	0.0352944
308	0.0353483
309	0.0354022
310	0.035456
311	0.0355098
312	0.0355635
313	0.0356173
314	0.035671
315	0.0357246
316	0.0357782
317	0.0358318
318	0.0358854
319	0.0359389
320	0.0359923
321	0.0360458
322	0.0360992
323	0.0361526
324	0.0362059
325	0.0362592
326	0.0363125
327	0.0363657
328	0.0364189
329	0.0364721
330	0.0365252
331	0.0365783
332	0.0366314
333	0.0366844
334	0.0367374
335	0.0367903
336	0.0368433
337	0.0368962
338	0.036949
339	0.0370019
340	0.0370547
341	0.0371074
342	0.0371602
343	0.0372129
344	0.0372656
345	0.0373182
346	0.0373708
347	0.0374234
348	0.0374759
349	0.0375284
350	0.0375809
351	0.0376334
352	0.0376858
353	0.0377382
354	0.0377905
355	0.0378428
356	0.0378951
357	0.0379474
358	0.0379996
359	0.0380518
360	0.038104
361	0.0381561
362	0.0382082
363	0.0382603
364	0.0383124
365	0.0383644
366	0.0384164
367	0.0384683
368	0.0385202
369	0.0385721
370	0.038624
371	0.0386759
372	0.0387277
373	0.0387794
374	0.0388312
375	0.0388829
376	0.0389346
377	0.0389863
378	0.0390379
379	0.0390895
380	0.0391411
381	0.0391926
382	0.0392442
383	0.0392957
384	0.0393471
385	0.0393986
386	0.03945
387	0.0395013
388	0.0395527
389	0.039604
390	0.0396553
391	0.0397066
392	0.0397578
393	0.039809
394	0.0398602
395	0.0399114
396	0.0399625
397	0.0400136
398	0.0400647
399	0.0401157
400	0.0401667
401	0.0402177
402	0.0402687
403	0.0403196
404	0.0403706
405	0.0404214
406	0.0404723
407	0.0405231
408	0.0405739
409	0.0406247
410	0.0406755
411	0.0407262
412	0.0407769
413	0.0408276
414	0.0408782
415	0.0409289
416	0.0409795
417	0.04103
418	0.0410806
419	0.0411311
420	0.0411816
421	0.0412321
422	0.0412825
423	0.0413329
424	0.0413833
425	0.0414337
426	0.041484
427	0.0415343
428	0.0415846
429	0.0416349
430	0.0416851
431	0.0417354
432	0.0417856
433	0.0418357
434	0.0418859
435	0.041936
436	0.0419861
437	0.0420362
438	0.0420862
439	0.0421362
440	0.0421862
441	0.0422362
442	0.0422861
443	0.0423361
444	0.042386
445	0.0424358
446	0.0424857
447	0.0425355
448	0.0425853
449	0.0426351
450	0.0426849
451	0.0427346
452	0.0427843
453	0.042834
454	0.0428837
455	0.0429333
456	0.0429829
457	0.0430325
458	0.0430821
459	0.0431316
460	0.0431812
461	0.0432307
462	0.0432801
463	0.0433296
464	0.043379
465	0.0434284
466	0.0434778
467	0.0435272
468	0.0435765
469	0.0436258
470	0.0436751
471	0.0437244
472	0.0437737
473	0.0438229
474	0.0438721
475	0.0439213
476	0.0439704
477	0.0440196
478	0.0440687
479	0.0441178
480	0.0441669
481	0.0442159
482	0.044265
483	0.044314
484	0.0443629
485	0.0444119
486	0.0444609
487	0.0445098
488	0.0445587
489	0.0446076
490	0.0446564
491	0.0447052
492	0.0447541
493	0.0448029
494	0.0448516
495	0.0449004
496	0.0449491
497	0.0449978
498	0.0450465
499	0.0450952
500	0.0451438
501	0.0451924
