1	0.00860107
2	0.0164667
3	0.0219242
4	0.0222076
5	0.0189484
6	0.0166338
7	0.0174614
8	0.0193691
9	0.0202753
10	0.0198828
11	0.0189576
12	0.0183967
13	0.0184913
14	0.0188902
15	0.0191584
16	0.0191563
17	0.0190099
18	0.0189055
19	0.0189241
20	0.0190213
21	0.0191133
22	0.0191573
23	0.0191661
24	0.0191749
25	0.0192054
26	0.0192551
27	0.0193087
28	0.0193556
29	0.0193951
30	0.0194335
31	0.0194756
32	0.0195221
33	0.0195705
34	0.0196184
35	0.0196651
36	0.0197115
37	0.0197586
38	0.0198067
39	0.0198556
40	0.0199046
41	0.0199535
42	0.0200024
43	0.0200516
44	0.0201011
45	0.0201508
46	0.0202006
47	0.0202506
48	0.0203006
49	0.0203507
50	0.0204009
51	0.0204512
52	0.0205015
53	0.0205519
54	0.0206024
55	0.0206529
56	0.0207035
57	0.020754
58	0.0208046
59	0.0208553
60	0.0209059
61	0.0209565
62	0.0210072
63	0.0210578
64	0.0211085
65	0.0211591
66	0.0212097
67	0.0212603
68	0.0213109
69	0.0213615
70	0.0214121
71	0.0214626
72	0.0215131
73	0.0215636
74	0.0216141
75	0.0216645
76	0.0217149
77	0.0217652
78	0.0218156
79	0.0218658
80	0.0219161
81	0.0219663
82	0.0220165
83	0.0220666
84	0.0221167
85	0.0221667
86	0.0222168
87	0.0222667
88	0.0223166
89	0.0223665
90	0.0224163
91	0.0224661
92	0.0225158
93	0.0225655
94	0.0226151
95	0.0226647
96	0.0227143
97	0.0227638
98	0.0228132
99	0.0228626
100	0.0229119
101	0.0229612
102	0.0230105
103	0.0230597
104	0.0231088
105	0.0231579
106	0.023207
107	0.0232559
108	0.0233049
109	0.0233538
110	0.0234026
111	0.0234514
112	0.0235001
113	0.0235488
114	0.0235975
115	0.0236461
116	0.0236946
117	0.0237431
118	0.0237915
119	0.0238399
120	0.0238882
121	0.0239365
122	0.0239848
123	0.0240329
124	0.0240811
125	0.0241292
126	0.0241772
127	0.0242252
128	0.0242731
129	0.024321
130	0.0243688
131	0.0244166
132	0.0244644
133	0.0245121
134	0.0245597
135	0.0246073
136	0.0246548
137	0.0247023
138	0.0247498
139	0.0247972
140	0.0248445
141	0.0248918
142	0.0249391
143	0.0249863
144	0.0250335
145	0.0250806
146	0.0251276
147	0.0251747
148	0.0252216
149	0.0252686
150	0.0253154
151	0.0253623
152	0.0254091
153	0.0254558
154	0.0255025
155	0.0255492
156	0.0255958
157	0.0256423
158	0.0256889
159	0.0257353
160	0.0257818
161	0.0258281
162	0.0258745
163	0.0259208
164	0.025967
165	0.0260133
166	0.0260594
167	0.0261055
168	0.0261516
169	0.0261977
170	0.0262437
171	0.0262896
172	0.0263355
173	0.0263814
174	0.0264272
175	0.026473
176	0.0265188
177	0.0265645
178	0.0266101
179	0.0266557
180	0.0267013
181	0.0267469
182	0.0267924
183	0.0268378
184	0.0268832
185	0.0269286
186	0.026974
187	0.0270193
188	0.0270645
189	0.0271097
190	0.0271549
191	0.0272001
192	0.0272452
193	0.0272902
194	0.0273353
195	0.0273802
196	0.0274252
197	0.0274701
198	0.027515
199	0.0275598
200	0.0276046
201	0.0276494
202	0.0276941
203	0.0277388
204	0.0277834
205	0.0278281
206	0.0278726
207	0.0279172
208	0.0279617
209	0.0280062
210	0.0280506
211	0.028095
212	0.0281393
213	0.0281837
214	0.028228
215	0.0282722
216	0.0283164
217	0.0283606
218	0.0284048
219	0.0284489
220	0.028493
221	0.028537
222	0.028581
223	0.028625
224	0.0286689
225	0.0287129
226	0.0287567
227	0.0288006
228	0.0288444
229	0.0288882
230	0.0289319
231	0.0289756
232	0.0290193
233	0.0290629
234	0.0291066
235	0.0291501
236	0.0291937
237	0.0292372
238	0.0292807
239	0.0293241
240	0.0293675
241	0.0294109
242	0.0294543
243	0.0294976
244	0.0295409
245	0.0295842
246	0.0296274
247	0.0296706
248	0.0297138
249	0.0297569
250	0.0298
251	0.0298431
252	0.0298861
253	0.0299292
254	0.0299721
255	0.0300151
256	0.030058
257	0.0301009
258	0.0301438
259	0.0301866
260	0.0302294
261	0.0302722
262	0.030315
263	0.0303577
264	0.0304004
265	0.030443
266	0.0304857
267	0.0305283
268	0.0305708
269	0.0306134
270	0.0306559
271	0.0306984
272	0.0307408
273	0.0307833
274	0.0308257
275	0.0308681
276	0.0309104
277	0.0309527
278	0.030995
279	0.0310373
280	0.0310795
281	0.0311217
282	0.0311639
283	0.0312061
284	0.0312482
285	0.0312903
286	0.0313324
287	0.0313744
288	0.0314165
289	0.0314585
290	0.0315004
291	0.0315424
292	0.0315843
293	0.0316262
294	0.0316681
295	0.0317099
296	0.0317517
297	0.0317935
298	0.0318353
299	0.031877
300	0.0319187
301	0.0319604
302	0.032002
303	0.0320437
304	0.0320853
305	0.0321269
306	0.0321684
307	0.03221
308	0.0322515
309	0.0322929
310	0.0323344
311	0.0323758
312	0.0324173
313	0.0324586
314	0.0325
315	0.0325413
316	0.0325826
317	0.0326239
318	0.0326652
319	0.0327064
320	0.0327477
321	0.0327888
322	0.03283
323	0.0328712
324	0.0329123
325	0.0329534
326	0.0329944
327	0.0330355
328	0.0330765
329	0.0331175
330	0.0331585
331	0.0331995
332	0.0332404
333	0.0332813
334	0.0333222
335	0.0333631
336	0.0334039
337	0.0334447
338	0.0334855
339	0.0335263
340	0.033567
341	0.0336078
342	0.0336485
343	0.0336892
344	0.0337298
345	0.0337705
346	0.0338111
347	0.0338517
348	0.0338923
349	0.0339328
350	0.0339733
351	0.0340138
352	0.0340543
353	0.0340948
354	0.0341352
355	0.0341757
356	0.0342161
357	0.0342564
358	0.0342968
359	0.0343371
360	0.0343775
361	0.0344178
362	0.034458
363	0.0344983
364	0.0345385
365	0.0345787
366	0.0346189
367	0.0346591
368	0.0346992
369	0.0347394
370	0.0347795
371	0.0348195
372	0.0348596
373	0.0348997
374	0.0349397
375	0.0349797
376	0.0350197
377	0.0350596
378	0.0350996
379	0.0351395
380	0.0351794
381	0.0352193
382	0.0352592
383	0.035299
384	0.0353388
385	0.0353786
386	0.0354184
387	0.0354582
388	0.0354979
389	0.0355377
390	0.0355774
391	0.035617
392	0.0356567
393	0.0356964
394	0.035736
395	0.0357756
396	0.0358152
397	0.0358548
398	0.0358943
399	0.0359339
400	0.0359734
401	0.0360129
402	0.0360523
403	0.0360918
404	0.0361312
405	0.0361707
406	0.0362101
407	0.0362494
408	0.0362888
409	0.0363282
410	0.0363675
411	0.0364068
412	0.0364461
413	0.0364854
414	0.0365246
415	0.0365638
416	0.0366031
417	0.0366423
418	0.0366814
419	0.0367206
420	0.0367598
421	0.0367989
422	0.036838
423	0.0368771
424	0.0369162
425	0.0369552
426	0.0369942
427	0.0370333
428	0.0370723
429	0.0371113
430	0.0371502
431	0.0371892
432	0.0372281
433	0.037267
434	0.0373059
435	0.0373448
436	0.0373837
437	0.0374225
438	0.0374613
439	0.0375001
440	0.0375389
441	0.0375777
442	0.0376165
443	0.0376552
444	0.037694
445	0.0377327
446	0.0377714
447	0.03781
448	0.0378487
449	0.0378873
450	0.037926
451	0.0379646
452	0.0380032
453	0.0380417
454	0.0380803
455	0.0381188
456	0.0381574
457	0.0381959
458	0.0382344
459	0.0382728
460	0.0383113
461	0.0383497
462	0.0383882
463	0.0384266
464	0.038465
465	0.0385033
466	0.0385417
467	0.0385801
468	0.0386184
469	0.0386567
470	0.038695
471	0.0387333
472	0.0387715
473	0.0388098
474	0.038848
475	0.0388862
476	0.0389245
477	0.0389626
478	0.0390008
479	0.039039
480	0.0390771
481	0.0391152
482	0.0391533
483	0.0391914
484	0.0392295
485	0.0392676
486	0.0393056
487	0.0393437
488	0.0393817
489	0.0394197
490	0.0394577
491	0.0394956
492	0.0395336
493	0.0395715
494	0.0396095
495	0.0396474
496	0.0396853
497	0.0397231
498	0.039761
499	0.0397989
500	0.0398367
501	0.0398745
