1	0.0110259
2	0.0143695
3	0.0127208
4	0.0130838
5	0.0135841
6	0.0135156
7	0.0135451
8	0.0137099
9	0.013863
10	0.0140091
11	0.0141675
12	0.0143291
13	0.0144887
14	0.0146473
15	0.014805
16	0.0149612
17	0.0151158
18	0.0152689
19	0.0154204
20	0.0155704
21	0.0157187
22	0.0158656
23	0.016011
24	0.0161549
25	0.0162975
26	0.0164387
27	0.0165786
28	0.0167173
29	0.0168547
30	0.016991
31	0.0171262
32	0.0172603
33	0.0173933
34	0.0175254
35	0.0176564
36	0.0177865
37	0.0179158
38	0.0180441
39	0.0181716
40	0.0182982
41	0.0184241
42	0.0185492
43	0.0186735
44	0.0187971
45	0.01892
46	0.0190422
47	0.0191637
48	0.0192846
49	0.0194048
50	0.0195244
51	0.0196435
52	0.0197619
53	0.0198798
54	0.0199971
55	0.0201138
56	0.02023
57	0.0203458
58	0.020461
59	0.0205757
60	0.0206899
61	0.0208037
62	0.0209169
63	0.0210298
64	0.0211422
65	0.0212541
66	0.0213657
67	0.0214768
68	0.0215875
69	0.0216978
70	0.0218078
71	0.0219173
72	0.0220265
73	0.0221352
74	0.0222437
75	0.0223518
76	0.0224595
77	0.0225669
78	0.0226739
79	0.0227806
80	0.022887
81	0.0229931
82	0.0230988
83	0.0232043
84	0.0233094
85	0.0234142
86	0.0235188
87	0.023623
88	0.023727
89	0.0238307
90	0.0239341
91	0.0240372
92	0.0241401
93	0.0242427
94	0.0243451
95	0.0244471
96	0.024549
97	0.0246506
98	0.0247519
99	0.024853
100	0.0249538
101	0.0250545
102	0.0251548
103	0.025255
104	0.0253549
105	0.0254546
106	0.0255541
107	0.0256534
108	0.0257524
109	0.0258512
110	0.0259499
111	0.0260483
112	0.0261465
113	0.0262445
114	0.0263423
115	0.0264399
116	0.0265373
117	0.0266345
118	0.0267316
119	0.0268284
120	0.0269251
121	0.0270215
122	0.0271178
123	0.0272139
124	0.0273098
125	0.0274056
126	0.0275011
127	0.0275965
128	0.0276918
129	0.0277868
130	0.0278817
131	0.0279764
132	0.028071
133	0.0281654
134	0.0282596
135	0.0283537
136	0.0284476
137	0.0285414
138	0.028635
139	0.0287284
140	0.0288217
141	0.0289148
142	0.0290078
143	0.0291007
144	0.0291934
145	0.0292859
146	0.0293783
147	0.0294706
148	0.0295627
149	0.0296547
150	0.0297466
151	0.0298383
152	0.0299298
153	0.0300213
154	0.0301126
155	0.0302037
156	0.0302948
157	0.0303857
158	0.0304765
159	0.0305671
160	0.0306576
161	0.030748
162	0.0308383
163	0.0309284
164	0.0310184
165	0.0311083
166	0.0311981
167	0.0312877
168	0.0313773
169	0.0314667
170	0.031556
171	0.0316451
172	0.0317342
173	0.0318231
174	0.031912
175	0.0320007
176	0.0320893
177	0.0321778
178	0.0322661
179	0.0323544
180	0.0324426
181	0.0325306
182	0.0326185
183	0.0327064
184	0.0327941
185	0.0328817
186	0.0329692
187	0.0330566
188	0.0331439
189	0.0332311
190	0.0333182
191	0.0334052
192	0.0334921
193	0.0335789
194	0.0336656
195	0.0337522
196	0.0338386
197	0.033925
198	0.0340113
199	0.0340975
200	0.0341836
201	0.0342696
202	0.0343555
203	0.0344414
204	0.0345271
205	0.0346127
206	0.0346982
207	0.0347837
208	0.034869
209	0.0349543
210	0.0350395
211	0.0351245
212	0.0352095
213	0.0352944
214	0.0353792
215	0.035464
216	0.0355486
217	0.0356331
218	0.0357176
219	0.035802
220	0.0358863
221	0.0359705
222	0.0360546
223	0.0361386
224	0.0362226
225	0.0363065
226	0.0363902
227	0.0364739
228	0.0365576
229	0.0366411
230	0.0367246
231	0.0368079
232	0.0368912
233	0.0369744
234	0.0370576
235	0.0371406
236	0.0372236
237	0.0373065
238	0.0373893
239	0.0374721
240	0.0375548
241	0.0376373
242	0.0377199
243	0.0378023
244	0.0378847
245	0.037967
246	0.0380492
247	0.0381313
248	0.0382134
249	0.0382954
250	0.0383773
251	0.0384591
252	0.0385409
253	0.0386226
254	0.0387042
255	0.0387858
256	0.0388673
257	0.0389487
258	0.03903
259	0.0391113
260	0.0391925
261	0.0392736
262	0.0393547
263	0.0394357
264	0.0395166
265	0.0395975
266	0.0396783
267	0.039759
268	0.0398396
269	0.0399202
270	0.0400007
271	0.0400812
272	0.0401616
273	0.0402419
274	0.0403222
275	0.0404023
276	0.0404825
277	0.0405625
278	0.0406425
279	0.0407224
280	0.0408023
281	0.0408821
282	0.0409618
283	0.0410415
284	0.0411211
285	0.0412007
286	0.0412802
287	0.0413596
288	0.041439
289	0.0415183
290	0.0415975
291	0.0416767
292	0.0417558
293	0.0418348
294	0.0419138
295	0.0419928
296	0.0420716
297	0.0421505
298	0.0422292
299	0.0423079
300	0.0423865
301	0.0424651
302	0.0425436
303	0.0426221
304	0.0427005
305	0.0427788
306	0.0428571
307	0.0429354
308	0.0430135
309	0.0430916
310	0.0431697
311	0.0432477
312	0.0433256
313	0.0434035
314	0.0434814
315	0.0435591
316	0.0436369
317	0.0437145
318	0.0437921
319	0.0438697
320	0.0439472
321	0.0440246
322	0.044102
323	0.0441793
324	0.0442566
325	0.0443339
326	0.044411
327	0.0444882
328	0.0445652
329	0.0446422
330	0.0447192
331	0.0447961
332	0.044873
333	0.0449498
334	0.0450265
335	0.0451032
336	0.0451799
337	0.0452565
338	0.045333
339	0.0454095
340	0.0454859
341	0.0455623
342	0.0456387
343	0.0457149
344	0.0457912
345	0.0458674
346	0.0459435
347	0.0460196
348	0.0460956
349	0.0461716
350	0.0462476
351	0.0463235
352	0.0463993
353	0.0464751
354	0.0465508
355	0.0466265
356	0.0467022
357	0.0467778
358	0.0468533
359	0.0469288
360	0.0470043
361	0.0470797
362	0.047155
363	0.0472303
364	0.0473056
365	0.0473808
366	0.047456
367	0.0475311
368	0.0476062
369	0.0476812
370	0.0477562
371	0.0478311
372	0.047906
373	0.0479809
374	0.0480557
375	0.0481304
376	0.0482051
377	0.0482798
378	0.0483544
379	0.048429
380	0.0485035
381	0.048578
382	0.0486524
383	0.0487268
384	0.0488011
385	0.0488754
386	0.0489497
387	0.0490239
388	0.0490981
389	0.0491722
390	0.0492463
391	0.0493203
392	0.0493943
393	0.0494683
394	0.0495422
395	0.049616
396	0.0496899
397	0.0497636
398	0.0498374
399	0.0499111
400	0.0499847
401	0.0500583
402	0.0501319
403	0.0502054
404	0.0502789
405	0.0503523
406	0.0504257
407	0.0504991
408	0.0505724
409	0.0506457
410	0.0507189
411	0.0507921
412	0.0508652
413	0.0509384
414	0.0510114
415	0.0510845
416	0.0511574
417	0.0512304
418	0.0513033
419	0.0513762
420	0.051449
421	0.0515218
422	0.0515945
423	0.0516672
424	0.0517399
425	0.0518125
426	0.0518851
427	0.0519576
428	0.0520301
429	0.0521026
430	0.052175
431	0.0522474
432	0.0523198
433	0.0523921
434	0.0524644
435	0.0525366
436	0.0526088
437	0.0526809
438	0.0527531
439	0.0528251
440	0.0528972
441	0.0529692
442	0.0530412
443	0.0531131
444	0.053185
445	0.0532568
446	0.0533286
447	0.0534004
448	0.0534722
449	0.0535439
450	0.0536155
451	0.0536872
452	0.0537587
453	0.0538303
454	0.0539018
455	0.0539733
456	0.0540447
457	0.0541162
458	0.0541875
459	0.0542589
460	0.0543302
461	0.0544014
462	0.0544726
463	0.0545438
464	0.054615
465	0.0546861
466	0.0547572
467	0.0548282
468	0.0548992
469	0.0549702
470	0.0550412
471	0.0551121
472	0.0551829
473	0.0552538
474	0.0553246
475	0.0553953
476	0.0554661
477	0.0555367
478	0.0556074
479	0.055678
480	0.0557486
481	0.0558192
482	0.0558897
483	0.0559602
484	0.0560306
485	0.0561011
486	0.0561714
487	0.0562418
488	0.0563121
489	0.0563824
490	0.0564526
491	0.0565228
492	0.056593
493	0.0566632
494	0.0567333
495	0.0568034
496	0.0568734
497	0.0569434
498	0.0570134
499	0.0570833
500	0.0571533
501	0.0572231
