1	0.00543534
2	0.0106677
3	0.0157105
4	0.0205758
5	0.0252749
6	0.0298182
7	0.0342154
8	0.0384755
9	0.0426068
10	0.0466169
11	0.0505122
12	0.0542953
13	0.0579537
14	0.0614384
15	0.0646311
16	0.067321
17	0.0692116
18	0.0699719
19	0.0693237
20	0.0671376
21	0.0635092
22	0.0587964
23	0.0536122
24	0.0487685
25	0.0451397
26	0.0434041
27	0.0437486
28	0.045808
29	0.0489383
30	0.0525346
31	0.0561743
32	0.0596149
33	0.0627414
34	0.0655141
35	0.0679267
36	0.0699795
37	0.0716631
38	0.0729518
39	0.0738045
40	0.0741724
41	0.0740103
42	0.07329
43	0.0720144
44	0.0702297
45	0.068033
46	0.0655755
47	0.0630574
48	0.060714
49	0.0587889
50	0.0574974
51	0.0569854
52	0.057299
53	0.0583799
54	0.060088
55	0.0622394
56	0.0646434
57	0.067127
58	0.0695463
59	0.0717885
60	0.0737684
61	0.0754241
62	0.0767117
63	0.0776026
64	0.0780818
65	0.0781477
66	0.0778133
67	0.0771077
68	0.0760781
69	0.0747904
70	0.0733289
71	0.0717946
72	0.0702995
73	0.0689597
74	0.067885
75	0.0671672
76	0.0668691
77	0.0670166
78	0.0675961
79	0.0685585
80	0.0698278
81	0.0713116
82	0.072912
83	0.074534
84	0.0760917
85	0.0775116
86	0.0787341
87	0.0797148
88	0.0804237
89	0.0808452
90	0.0809779
91	0.0808338
92	0.0804379
93	0.0798277
94	0.0790514
95	0.078167
96	0.0772389
97	0.0763352
98	0.0755233
99	0.0748649
100	0.0744114
101	0.0741991
102	0.0742467
103	0.074553
104	0.0750988
105	0.0758484
106	0.0767546
107	0.0777627
108	0.0788155
109	0.079857
110	0.0808362
111	0.0817089
112	0.08244
113	0.0830037
114	0.0833847
115	0.0835781
116	0.0835887
117	0.083431
118	0.0831282
119	0.0827105
120	0.0822145
121	0.0816804
122	0.0811503
123	0.0806658
124	0.0802646
125	0.0799791
126	0.079833
127	0.0798407
128	0.0800055
129	0.0803207
130	0.0807694
131	0.0813272
132	0.0819637
133	0.0826453
134	0.0833375
135	0.084007
136	0.0846237
137	0.0851624
138	0.0856032
139	0.085933
140	0.0861453
141	0.0862403
142	0.0862248
143	0.0861115
144	0.0859182
145	0.0856667
146	0.0853818
147	0.0850893
148	0.0848152
149	0.0845836
150	0.0844154
151	0.0843269
152	0.0843291
153	0.0844266
154	0.0846181
155	0.0848963
156	0.0852484
157	0.0856581
158	0.0861057
159	0.0865705
160	0.0870315
161	0.087469
162	0.0878657
163	0.0882072
164	0.0884832
165	0.0886873
166	0.0888177
167	0.0888766
168	0.0888705
169	0.0888092
170	0.0887053
171	0.0885737
172	0.0884302
173	0.0882911
174	0.0881717
175	0.0880858
176	0.0880446
177	0.0880563
178	0.0881255
179	0.088253
180	0.0884361
181	0.0886686
182	0.0889416
183	0.0892441
184	0.0895635
185	0.0898871
186	0.0902022
187	0.0904972
188	0.0907621
189	0.0909892
190	0.0911732
191	0.0913116
192	0.0914045
193	0.0914546
194	0.0914671
195	0.0914491
196	0.0914094
197	0.0913576
198	0.0913036
199	0.0912574
200	0.091228
201	0.091223
202	0.0912484
203	0.0913081
204	0.0914037
205	0.0915346
206	0.091698
207	0.0918893
208	0.0921023
209	0.0923296
210	0.0925636
211	0.0927961
212	0.0930196
213	0.0932274
214	0.0934139
215	0.093575
216	0.0937082
217	0.0938127
218	0.0938894
219	0.0939409
220	0.0939711
221	0.0939849
222	0.0939881
223	0.0939868
224	0.0939873
225	0.0939955
226	0.0940166
227	0.0940548
228	0.0941132
229	0.0941934
230	0.0942959
231	0.0944195
232	0.0945618
233	0.0947197
234	0.0948888
235	0.0950644
236	0.0952415
237	0.0954154
238	0.0955815
239	0.0957359
240	0.0958756
241	0.0959984
242	0.0961034
243	0.0961905
244	0.0962609
245	0.0963166
246	0.0963603
247	0.0963955
248	0.0964259
249	0.0964554
250	0.0964878
251	0.0965267
252	0.096575
253	0.0966349
254	0.0967079
255	0.0967948
256	0.0968952
257	0.0970082
258	0.0971318
259	0.0972639
260	0.0974014
261	0.0975415
262	0.097681
263	0.097817
264	0.0979468
265	0.0980682
266	0.0981795
267	0.0982799
268	0.0983689
269	0.0984469
270	0.0985149
271	0.0985744
272	0.0986274
273	0.0986761
274	0.098723
275	0.0987704
276	0.0988207
277	0.098876
278	0.0989378
279	0.0990075
280	0.0990856
281	0.0991723
282	0.0992672
283	0.0993694
284	0.0994776
285	0.0995902
286	0.0997053
287	0.0998209
288	0.0999352
289	0.100046
290	0.100153
291	0.100254
292	0.100347
293	0.100434
294	0.100514
295	0.100587
296	0.100654
297	0.100716
298	0.100774
299	0.100831
300	0.100887
301	0.100944
302	0.101004
303	0.101067
304	0.101135
305	0.101208
306	0.101286
307	0.10137
308	0.101458
309	0.101551
310	0.101647
311	0.101745
312	0.101844
313	0.101942
314	0.102039
315	0.102134
316	0.102225
317	0.102313
318	0.102395
319	0.102474
320	0.102547
321	0.102617
322	0.102683
323	0.102746
324	0.102808
325	0.102869
326	0.10293
327	0.102991
328	0.103055
329	0.103122
330	0.103191
331	0.103264
332	0.10334
333	0.103419
334	0.103501
335	0.103586
336	0.103672
337	0.103759
338	0.103846
339	0.103933
340	0.104018
341	0.104102
342	0.104183
343	0.104261
344	0.104336
345	0.104409
346	0.104478
347	0.104545
348	0.10461
349	0.104674
350	0.104736
351	0.104799
352	0.104862
353	0.104925
354	0.10499
355	0.105057
356	0.105126
357	0.105196
358	0.105269
359	0.105344
360	0.105421
361	0.105498
362	0.105577
363	0.105656
364	0.105734
365	0.105812
366	0.105889
367	0.105965
368	0.106039
369	0.106111
370	0.106181
371	0.106249
372	0.106315
373	0.10638
374	0.106444
375	0.106507
376	0.106569
377	0.106632
378	0.106694
379	0.106758
380	0.106822
381	0.106888
382	0.106955
383	0.107023
384	0.107093
385	0.107163
386	0.107235
387	0.107307
388	0.107379
389	0.107452
390	0.107524
391	0.107596
392	0.107667
393	0.107736
394	0.107805
395	0.107872
396	0.107938
397	0.108003
398	0.108067
399	0.108129
400	0.108192
401	0.108253
402	0.108315
403	0.108376
404	0.108438
405	0.108501
406	0.108564
407	0.108628
408	0.108692
409	0.108758
410	0.108824
411	0.108891
412	0.108958
413	0.109025
414	0.109093
415	0.109161
416	0.109228
417	0.109294
418	0.10936
419	0.109426
420	0.10949
421	0.109554
422	0.109617
423	0.109679
424	0.10974
425	0.109801
426	0.109861
427	0.109921
428	0.109981
429	0.110042
430	0.110102
431	0.110163
432	0.110224
433	0.110286
434	0.110348
435	0.110411
436	0.110474
437	0.110537
438	0.110601
439	0.110664
440	0.110728
441	0.110791
442	0.110855
443	0.110917
444	0.11098
445	0.111042
446	0.111103
447	0.111163
448	0.111223
449	0.111283
450	0.111342
451	0.111401
452	0.11146
453	0.111518
454	0.111576
455	0.111635
456	0.111694
457	0.111753
458	0.111812
459	0.111871
460	0.111931
461	0.111991
462	0.112051
463	0.112111
464	0.112172
465	0.112232
466	0.112293
467	0.112353
468	0.112413
469	0.112472
470	0.112532
471	0.112591
472	0.112649
473	0.112707
474	0.112765
475	0.112822
476	0.112879
477	0.112936
478	0.112993
479	0.11305
480	0.113106
481	0.113163
482	0.11322
483	0.113277
484	0.113334
485	0.113391
486	0.113448
487	0.113506
488	0.113564
489	0.113621
490	0.113679
491	0.113737
492	0.113794
493	0.113852
494	0.113909
495	0.113966
496	0.114022
497	0.114079
498	0.114135
499	0.114191
500	0.114246
501	0.114302
