1	0.00760891
2	0.0146721
3	0.0212572
4	0.0274215
5	0.0331855
6	0.0383535
7	0.0422548
8	0.04395
9	0.0429291
10	0.0396375
11	0.0354669
12	0.0322888
13	0.031549
14	0.0333251
15	0.0365508
16	0.0400548
17	0.0430512
18	0.0451092
19	0.0460478
20	0.0458885
21	0.0448433
22	0.0432953
23	0.0417401
24	0.0406712
25	0.0404251
26	0.041062
27	0.0423711
28	0.0439922
29	0.0455598
30	0.0467963
31	0.0475482
32	0.0477879
33	0.0475963
34	0.0471353
35	0.0466082
36	0.046213
37	0.046095
38	0.046313
39	0.0468326
40	0.0475483
41	0.0483231
42	0.0490274
43	0.0495682
44	0.0499028
45	0.0500397
46	0.0500293
47	0.0499479
48	0.0498775
49	0.0498867
50	0.0500161
51	0.0502715
52	0.0506276
53	0.0510381
54	0.0514503
55	0.0518182
56	0.0521122
57	0.052323
58	0.052461
59	0.0525513
60	0.0526259
61	0.0527157
62	0.0528434
63	0.0530195
64	0.0532412
65	0.0534952
66	0.053762
67	0.0540213
68	0.0542571
69	0.0544605
70	0.054631
71	0.054775
72	0.0549039
73	0.0550307
74	0.0551666
75	0.055319
76	0.05549
77	0.0556769
78	0.0558731
79	0.0560707
80	0.0562621
81	0.0564416
82	0.0566071
83	0.0567594
84	0.056902
85	0.0570398
86	0.0571779
87	0.0573204
88	0.0574695
89	0.0576254
90	0.0577862
91	0.0579491
92	0.0581108
93	0.0582685
94	0.0584203
95	0.0585659
96	0.058706
97	0.0588423
98	0.0589769
99	0.0591119
100	0.0592486
101	0.0593876
102	0.0595287
103	0.059671
104	0.0598132
105	0.0599539
106	0.0600923
107	0.0602276
108	0.06036
109	0.06049
110	0.0606182
111	0.0607457
112	0.0608731
113	0.061001
114	0.0611295
115	0.0612583
116	0.061387
117	0.0615151
118	0.061642
119	0.0617674
120	0.0618912
121	0.0620135
122	0.0621345
123	0.0622546
124	0.0623741
125	0.0624933
126	0.0626124
127	0.0627314
128	0.0628502
129	0.0629685
130	0.0630861
131	0.0632029
132	0.0633186
133	0.0634334
134	0.0635473
135	0.0636603
136	0.0637728
137	0.0638847
138	0.0639963
139	0.0641075
140	0.0642184
141	0.0643288
142	0.0644388
143	0.0645481
144	0.0646568
145	0.0647648
146	0.0648721
147	0.0649787
148	0.0650848
149	0.0651904
150	0.0652955
151	0.0654002
152	0.0655046
153	0.0656085
154	0.065712
155	0.0658149
156	0.0659174
157	0.0660194
158	0.0661208
159	0.0662217
160	0.0663221
161	0.066422
162	0.0665215
163	0.0666206
164	0.0667193
165	0.0668176
166	0.0669155
167	0.067013
168	0.06711
169	0.0672067
170	0.0673029
171	0.0673986
172	0.0674939
173	0.0675888
174	0.0676833
175	0.0677774
176	0.0678712
177	0.0679646
178	0.0680576
179	0.0681502
180	0.0682425
181	0.0683344
182	0.0684259
183	0.0685171
184	0.0686079
185	0.0686983
186	0.0687883
187	0.068878
188	0.0689674
189	0.0690564
190	0.0691451
191	0.0692334
192	0.0693214
193	0.0694091
194	0.0694965
195	0.0695835
196	0.0696702
197	0.0697565
198	0.0698426
199	0.0699283
200	0.0700137
201	0.0700988
202	0.0701836
203	0.0702681
204	0.0703523
205	0.0704362
206	0.0705198
207	0.0706031
208	0.0706861
209	0.0707688
210	0.0708513
211	0.0709334
212	0.0710153
213	0.0710968
214	0.0711781
215	0.0712591
216	0.0713399
217	0.0714204
218	0.0715006
219	0.0715805
220	0.0716602
221	0.0717396
222	0.0718187
223	0.0718976
224	0.0719762
225	0.0720546
226	0.0721327
227	0.0722105
228	0.0722881
229	0.0723655
230	0.0724426
231	0.0725195
232	0.0725961
233	0.0726725
234	0.0727486
235	0.0728245
236	0.0729002
237	0.0729756
238	0.0730508
239	0.0731258
240	0.0732005
241	0.073275
242	0.0733493
243	0.0734234
244	0.0734972
245	0.0735708
246	0.0736442
247	0.0737174
248	0.0737903
249	0.0738631
250	0.0739356
251	0.0740079
252	0.07408
253	0.0741519
254	0.0742236
255	0.0742951
256	0.0743664
257	0.0744375
258	0.0745083
259	0.074579
260	0.0746495
261	0.0747197
262	0.0747898
263	0.0748597
264	0.0749294
265	0.0749989
266	0.0750682
267	0.0751373
268	0.0752062
269	0.0752749
270	0.0753434
271	0.0754118
272	0.07548
273	0.0755479
274	0.0756157
275	0.0756834
276	0.0757508
277	0.075818
278	0.0758851
279	0.075952
280	0.0760188
281	0.0760853
282	0.0761517
283	0.0762179
284	0.0762839
285	0.0763498
286	0.0764155
287	0.076481
288	0.0765464
289	0.0766115
290	0.0766766
291	0.0767414
292	0.0768061
293	0.0768707
294	0.076935
295	0.0769992
296	0.0770633
297	0.0771272
298	0.0771909
299	0.0772545
300	0.0773179
301	0.0773811
302	0.0774443
303	0.0775072
304	0.07757
305	0.0776327
306	0.0776952
307	0.0777575
308	0.0778197
309	0.0778818
310	0.0779437
311	0.0780054
312	0.078067
313	0.0781285
314	0.0781898
315	0.078251
316	0.078312
317	0.0783729
318	0.0784336
319	0.0784942
320	0.0785547
321	0.078615
322	0.0786752
323	0.0787353
324	0.0787952
325	0.078855
326	0.0789146
327	0.0789741
328	0.0790335
329	0.0790927
330	0.0791518
331	0.0792108
332	0.0792697
333	0.0793284
334	0.079387
335	0.0794454
336	0.0795037
337	0.0795619
338	0.07962
339	0.079678
340	0.0797358
341	0.0797935
342	0.079851
343	0.0799085
344	0.0799658
345	0.080023
346	0.0800801
347	0.080137
348	0.0801939
349	0.0802506
350	0.0803072
351	0.0803636
352	0.08042
353	0.0804762
354	0.0805323
355	0.0805883
356	0.0806442
357	0.0807
358	0.0807556
359	0.0808112
360	0.0808666
361	0.0809219
362	0.0809771
363	0.0810322
364	0.0810872
365	0.081142
366	0.0811968
367	0.0812514
368	0.081306
369	0.0813604
370	0.0814147
371	0.0814689
372	0.081523
373	0.081577
374	0.0816309
375	0.0816846
376	0.0817383
377	0.0817919
378	0.0818453
379	0.0818987
380	0.0819519
381	0.0820051
382	0.0820581
383	0.0821111
384	0.0821639
385	0.0822166
386	0.0822693
387	0.0823218
388	0.0823743
389	0.0824266
390	0.0824788
391	0.082531
392	0.082583
393	0.0826349
394	0.0826868
395	0.0827385
396	0.0827902
397	0.0828417
398	0.0828932
399	0.0829445
400	0.0829958
401	0.083047
402	0.0830981
403	0.083149
404	0.0831999
405	0.0832507
406	0.0833014
407	0.083352
408	0.0834025
409	0.083453
410	0.0835033
411	0.0835536
412	0.0836037
413	0.0836538
414	0.0837037
415	0.0837536
416	0.0838034
417	0.0838531
418	0.0839028
419	0.0839523
420	0.0840017
421	0.0840511
422	0.0841004
423	0.0841495
424	0.0841986
425	0.0842477
426	0.0842966
427	0.0843454
428	0.0843942
429	0.0844429
430	0.0844914
431	0.0845399
432	0.0845884
433	0.0846367
434	0.084685
435	0.0847331
436	0.0847812
437	0.0848292
438	0.0848772
439	0.084925
440	0.0849728
441	0.0850205
442	0.0850681
443	0.0851156
444	0.0851631
445	0.0852104
446	0.0852577
447	0.0853049
448	0.0853521
449	0.0853991
450	0.0854461
451	0.085493
452	0.0855398
453	0.0855866
454	0.0856332
455	0.0856798
456	0.0857263
457	0.0857728
458	0.0858192
459	0.0858654
460	0.0859117
461	0.0859578
462	0.0860039
463	0.0860499
464	0.0860958
465	0.0861416
466	0.0861874
467	0.0862331
468	0.0862787
469	0.0863243
470	0.0863698
471	0.0864152
472	0.0864605
473	0.0865058
474	0.086551
475	0.0865961
476	0.0866412
477	0.0866862
478	0.0867311
479	0.086776
480	0.0868207
481	0.0868655
482	0.0869101
483	0.0869547
484	0.0869992
485	0.0870436
486	0.087088
487	0.0871323
488	0.0871765
489	0.0872207
490	0.0872648
491	0.0873088
492	0.0873528
493	0.0873967
494	0.0874405
495	0.0874843
496	0.087528
497	0.0875716
498	0.0876152
499	0.0876587
500	0.0877021
501	0.0877455
