1	0.010386
2	0.0193298
3	0.0254172
4	0.0262158
5	0.0237073
6	0.0222936
7	0.0236334
8	0.0258342
9	0.0271272
10	0.0272843
11	0.0270018
12	0.027011
13	0.027504
14	0.0281998
15	0.0287766
16	0.0291375
17	0.0293804
18	0.0296399
19	0.0299714
20	0.0303442
21	0.0307027
22	0.0310196
23	0.0313043
24	0.0315801
25	0.0318612
26	0.0321463
27	0.0324264
28	0.0326953
29	0.0329532
30	0.0332041
31	0.0334513
32	0.0336955
33	0.0339355
34	0.0341702
35	0.0343993
36	0.0346236
37	0.034844
38	0.0350608
39	0.0352739
40	0.0354834
41	0.0356891
42	0.0358912
43	0.0360901
44	0.0362859
45	0.0364787
46	0.0366686
47	0.0368556
48	0.0370398
49	0.0372213
50	0.0374003
51	0.0375768
52	0.0377509
53	0.0379226
54	0.0380921
55	0.0382593
56	0.0384245
57	0.0385875
58	0.0387486
59	0.0389076
60	0.0390648
61	0.0392201
62	0.0393736
63	0.0395254
64	0.0396754
65	0.0398238
66	0.0399706
67	0.0401158
68	0.0402594
69	0.0404015
70	0.0405422
71	0.0406814
72	0.0408192
73	0.0409556
74	0.0410907
75	0.0412245
76	0.041357
77	0.0414883
78	0.0416183
79	0.0417472
80	0.0418748
81	0.0420013
82	0.0421267
83	0.042251
84	0.0423742
85	0.0424963
86	0.0426174
87	0.0427375
88	0.0428566
89	0.0429747
90	0.0430919
91	0.0432081
92	0.0433234
93	0.0434377
94	0.0435512
95	0.0436638
96	0.0437755
97	0.0438864
98	0.0439965
99	0.0441058
100	0.0442142
101	0.0443219
102	0.0444287
103	0.0445349
104	0.0446402
105	0.0447449
106	0.0448488
107	0.044952
108	0.0450544
109	0.0451562
110	0.0452574
111	0.0453578
112	0.0454576
113	0.0455567
114	0.0456552
115	0.0457531
116	0.0458503
117	0.0459469
118	0.046043
119	0.0461384
120	0.0462332
121	0.0463275
122	0.0464212
123	0.0465143
124	0.0466069
125	0.0466989
126	0.0467904
127	0.0468813
128	0.0469718
129	0.0470617
130	0.0471511
131	0.04724
132	0.0473284
133	0.0474163
134	0.0475037
135	0.0475907
136	0.0476771
137	0.0477631
138	0.0478487
139	0.0479338
140	0.0480184
141	0.0481026
142	0.0481864
143	0.0482697
144	0.0483526
145	0.048435
146	0.0485171
147	0.0485987
148	0.04868
149	0.0487608
150	0.0488412
151	0.0489212
152	0.0490009
153	0.0490801
154	0.049159
155	0.0492375
156	0.0493156
157	0.0493934
158	0.0494708
159	0.0495478
160	0.0496245
161	0.0497008
162	0.0497768
163	0.0498524
164	0.0499277
165	0.0500026
166	0.0500772
167	0.0501515
168	0.0502255
169	0.0502991
170	0.0503724
171	0.0504454
172	0.0505181
173	0.0505904
174	0.0506625
175	0.0507342
176	0.0508057
177	0.0508768
178	0.0509476
179	0.0510182
180	0.0510885
181	0.0511584
182	0.0512281
183	0.0512975
184	0.0513666
185	0.0514355
186	0.0515041
187	0.0515724
188	0.0516404
189	0.0517081
190	0.0517756
191	0.0518429
192	0.0519099
193	0.0519766
194	0.052043
195	0.0521092
196	0.0521752
197	0.0522409
198	0.0523064
199	0.0523716
200	0.0524365
201	0.0525013
202	0.0525658
203	0.05263
204	0.052694
205	0.0527578
206	0.0528214
207	0.0528847
208	0.0529478
209	0.0530107
210	0.0530734
211	0.0531358
212	0.053198
213	0.05326
214	0.0533218
215	0.0533834
216	0.0534448
217	0.0535059
218	0.0535668
219	0.0536276
220	0.0536881
221	0.0537484
222	0.0538086
223	0.0538685
224	0.0539282
225	0.0539877
226	0.054047
227	0.0541062
228	0.0541651
229	0.0542239
230	0.0542824
231	0.0543408
232	0.054399
233	0.054457
234	0.0545148
235	0.0545724
236	0.0546299
237	0.0546871
238	0.0547442
239	0.0548011
240	0.0548579
241	0.0549144
242	0.0549708
243	0.055027
244	0.0550831
245	0.0551389
246	0.0551946
247	0.0552502
248	0.0553055
249	0.0553607
250	0.0554158
251	0.0554706
252	0.0555253
253	0.0555799
254	0.0556343
255	0.0556885
256	0.0557426
257	0.0557965
258	0.0558502
259	0.0559039
260	0.0559573
261	0.0560106
262	0.0560637
263	0.0561167
264	0.0561696
265	0.0562223
266	0.0562748
267	0.0563272
268	0.0563795
269	0.0564316
270	0.0564836
271	0.0565354
272	0.0565871
273	0.0566386
274	0.05669
275	0.0567413
276	0.0567924
277	0.0568434
278	0.0568942
279	0.056945
280	0.0569955
281	0.057046
282	0.0570963
283	0.0571465
284	0.0571965
285	0.0572464
286	0.0572962
287	0.0573459
288	0.0573954
289	0.0574448
290	0.0574941
291	0.0575432
292	0.0575922
293	0.0576411
294	0.0576899
295	0.0577386
296	0.0577871
297	0.0578355
298	0.0578838
299	0.0579319
300	0.05798
301	0.0580279
302	0.0580757
303	0.0581234
304	0.058171
305	0.0582184
306	0.0582658
307	0.058313
308	0.0583601
309	0.0584071
310	0.058454
311	0.0585008
312	0.0585474
313	0.058594
314	0.0586404
315	0.0586867
316	0.0587329
317	0.058779
318	0.058825
319	0.0588709
320	0.0589167
321	0.0589624
322	0.059008
323	0.0590534
324	0.0590988
325	0.0591441
326	0.0591892
327	0.0592343
328	0.0592792
329	0.0593241
330	0.0593688
331	0.0594135
332	0.059458
333	0.0595024
334	0.0595468
335	0.059591
336	0.0596352
337	0.0596792
338	0.0597232
339	0.0597671
340	0.0598108
341	0.0598545
342	0.059898
343	0.0599415
344	0.0599849
345	0.0600282
346	0.0600714
347	0.0601145
348	0.0601575
349	0.0602004
350	0.0602432
351	0.060286
352	0.0603286
353	0.0603712
354	0.0604136
355	0.060456
356	0.0604983
357	0.0605405
358	0.0605826
359	0.0606246
360	0.0606665
361	0.0607084
362	0.0607501
363	0.0607918
364	0.0608334
365	0.0608749
366	0.0609163
367	0.0609577
368	0.0609989
369	0.0610401
370	0.0610812
371	0.0611222
372	0.0611631
373	0.0612039
374	0.0612447
375	0.0612853
376	0.0613259
377	0.0613664
378	0.0614069
379	0.0614472
380	0.0614875
381	0.0615277
382	0.0615678
383	0.0616079
384	0.0616478
385	0.0616877
386	0.0617275
387	0.0617672
388	0.0618069
389	0.0618465
390	0.061886
391	0.0619254
392	0.0619647
393	0.062004
394	0.0620432
395	0.0620823
396	0.0621214
397	0.0621604
398	0.0621993
399	0.0622381
400	0.0622769
401	0.0623156
402	0.0623542
403	0.0623927
404	0.0624312
405	0.0624696
406	0.0625079
407	0.0625462
408	0.0625844
409	0.0626225
410	0.0626606
411	0.0626985
412	0.0627364
413	0.0627743
414	0.0628121
415	0.0628498
416	0.0628874
417	0.062925
418	0.0629625
419	0.0629999
420	0.0630373
421	0.0630746
422	0.0631119
423	0.063149
424	0.0631861
425	0.0632232
426	0.0632602
427	0.0632971
428	0.0633339
429	0.0633707
430	0.0634074
431	0.0634441
432	0.0634807
433	0.0635172
434	0.0635537
435	0.0635901
436	0.0636264
437	0.0636627
438	0.063699
439	0.0637351
440	0.0637712
441	0.0638072
442	0.0638432
443	0.0638791
444	0.063915
445	0.0639508
446	0.0639865
447	0.0640222
448	0.0640578
449	0.0640934
450	0.0641288
451	0.0641643
452	0.0641997
453	0.064235
454	0.0642702
455	0.0643054
456	0.0643406
457	0.0643757
458	0.0644107
459	0.0644457
460	0.0644806
461	0.0645155
462	0.0645503
463	0.064585
464	0.0646197
465	0.0646543
466	0.0646889
467	0.0647235
468	0.0647579
469	0.0647923
470	0.0648267
471	0.064861
472	0.0648953
473	0.0649295
474	0.0649636
475	0.0649977
476	0.0650317
477	0.0650657
478	0.0650996
479	0.0651335
480	0.0651673
481	0.0652011
482	0.0652348
483	0.0652685
484	0.0653021
485	0.0653357
486	0.0653692
487	0.0654026
488	0.0654361
489	0.0654694
490	0.0655027
491	0.065536
492	0.0655692
493	0.0656023
494	0.0656354
495	0.0656685
496	0.0657015
497	0.0657345
498	0.0657674
499	0.0658002
500	0.065833
501	0.0658658
