1	0.0113927
2	0.0200144
3	0.0221858
4	0.0202603
5	0.0199098
6	0.0215595
7	0.0228391
8	0.0231522
9	0.0232153
10	0.0235667
11	0.0241205
12	0.0246188
13	0.0249967
14	0.025333
15	0.0256874
16	0.0260529
17	0.0264028
18	0.0267299
19	0.0270431
20	0.0273498
21	0.0276499
22	0.0279411
23	0.0282227
24	0.0284961
25	0.0287627
26	0.0290228
27	0.0292763
28	0.0295236
29	0.029765
30	0.0300009
31	0.0302316
32	0.0304573
33	0.0306783
34	0.0308947
35	0.0311067
36	0.0313147
37	0.0315187
38	0.0317189
39	0.0319154
40	0.0321085
41	0.0322982
42	0.0324847
43	0.0326681
44	0.0328485
45	0.033026
46	0.0332008
47	0.0333729
48	0.0335424
49	0.0337094
50	0.033874
51	0.0340362
52	0.0341963
53	0.0343541
54	0.0345098
55	0.0346634
56	0.0348151
57	0.0349648
58	0.0351126
59	0.0352586
60	0.0354029
61	0.0355454
62	0.0356862
63	0.0358254
64	0.035963
65	0.0360991
66	0.0362336
67	0.0363667
68	0.0364983
69	0.0366286
70	0.0367575
71	0.036885
72	0.0370113
73	0.0371363
74	0.03726
75	0.0373825
76	0.0375039
77	0.037624
78	0.0377431
79	0.037861
80	0.0379779
81	0.0380936
82	0.0382084
83	0.0383221
84	0.0384349
85	0.0385466
86	0.0386574
87	0.0387672
88	0.0388762
89	0.0389842
90	0.0390913
91	0.0391976
92	0.039303
93	0.0394076
94	0.0395113
95	0.0396143
96	0.0397164
97	0.0398178
98	0.0399184
99	0.0400183
100	0.0401174
101	0.0402158
102	0.0403135
103	0.0404104
104	0.0405067
105	0.0406023
106	0.0406973
107	0.0407915
108	0.0408852
109	0.0409782
110	0.0410705
111	0.0411623
112	0.0412534
113	0.041344
114	0.0414339
115	0.0415233
116	0.0416121
117	0.0417003
118	0.041788
119	0.0418751
120	0.0419617
121	0.0420478
122	0.0421333
123	0.0422184
124	0.0423029
125	0.0423869
126	0.0424704
127	0.0425534
128	0.042636
129	0.042718
130	0.0427996
131	0.0428808
132	0.0429615
133	0.0430417
134	0.0431215
135	0.0432008
136	0.0432797
137	0.0433582
138	0.0434363
139	0.0435139
140	0.0435911
141	0.043668
142	0.0437444
143	0.0438204
144	0.043896
145	0.0439713
146	0.0440461
147	0.0441206
148	0.0441947
149	0.0442685
150	0.0443418
151	0.0444148
152	0.0444875
153	0.0445598
154	0.0446317
155	0.0447033
156	0.0447746
157	0.0448455
158	0.0449161
159	0.0449863
160	0.0450562
161	0.0451258
162	0.0451951
163	0.0452641
164	0.0453327
165	0.0454011
166	0.0454691
167	0.0455369
168	0.0456043
169	0.0456714
170	0.0457383
171	0.0458048
172	0.0458711
173	0.045937
174	0.0460027
175	0.0460681
176	0.0461333
177	0.0461981
178	0.0462627
179	0.0463271
180	0.0463911
181	0.0464549
182	0.0465184
183	0.0465817
184	0.0466447
185	0.0467075
186	0.04677
187	0.0468322
188	0.0468942
189	0.046956
190	0.0470175
191	0.0470788
192	0.0471399
193	0.0472007
194	0.0472612
195	0.0473216
196	0.0473817
197	0.0474416
198	0.0475012
199	0.0475607
200	0.0476199
201	0.0476789
202	0.0477377
203	0.0477962
204	0.0478546
205	0.0479127
206	0.0479706
207	0.0480283
208	0.0480858
209	0.0481431
210	0.0482002
211	0.0482571
212	0.0483138
213	0.0483703
214	0.0484266
215	0.0484827
216	0.0485387
217	0.0485944
218	0.0486499
219	0.0487052
220	0.0487604
221	0.0488153
222	0.0488701
223	0.0489247
224	0.0489791
225	0.0490334
226	0.0490874
227	0.0491413
228	0.049195
229	0.0492485
230	0.0493019
231	0.0493551
232	0.0494081
233	0.0494609
234	0.0495136
235	0.0495661
236	0.0496184
237	0.0496706
238	0.0497226
239	0.0497744
240	0.0498261
241	0.0498776
242	0.049929
243	0.0499802
244	0.0500312
245	0.0500821
246	0.0501329
247	0.0501835
248	0.0502339
249	0.0502842
250	0.0503343
251	0.0503843
252	0.0504341
253	0.0504838
254	0.0505333
255	0.0505827
256	0.050632
257	0.0506811
258	0.0507301
259	0.0507789
260	0.0508276
261	0.0508761
262	0.0509245
263	0.0509728
264	0.0510209
265	0.0510689
266	0.0511168
267	0.0511645
268	0.0512121
269	0.0512595
270	0.0513069
271	0.0513541
272	0.0514011
273	0.0514481
274	0.0514949
275	0.0515416
276	0.0515881
277	0.0516346
278	0.0516809
279	0.0517271
280	0.0517731
281	0.0518191
282	0.0518649
283	0.0519106
284	0.0519562
285	0.0520016
286	0.052047
287	0.0520922
288	0.0521373
289	0.0521823
290	0.0522271
291	0.0522719
292	0.0523165
293	0.052361
294	0.0524055
295	0.0524498
296	0.0524939
297	0.052538
298	0.052582
299	0.0526258
300	0.0526696
301	0.0527132
302	0.0527568
303	0.0528002
304	0.0528435
305	0.0528867
306	0.0529298
307	0.0529728
308	0.0530157
309	0.0530585
310	0.0531012
311	0.0531438
312	0.0531862
313	0.0532286
314	0.0532709
315	0.0533131
316	0.0533552
317	0.0533971
318	0.053439
319	0.0534808
320	0.0535225
321	0.0535641
322	0.0536056
323	0.053647
324	0.0536883
325	0.0537295
326	0.0537706
327	0.0538116
328	0.0538525
329	0.0538934
330	0.0539341
331	0.0539748
332	0.0540153
333	0.0540558
334	0.0540961
335	0.0541364
336	0.0541766
337	0.0542167
338	0.0542567
339	0.0542967
340	0.0543365
341	0.0543763
342	0.0544159
343	0.0544555
344	0.054495
345	0.0545344
346	0.0545737
347	0.054613
348	0.0546521
349	0.0546912
350	0.0547302
351	0.0547691
352	0.0548079
353	0.0548466
354	0.0548853
355	0.0549238
356	0.0549623
357	0.0550007
358	0.0550391
359	0.0550773
360	0.0551155
361	0.0551536
362	0.0551916
363	0.0552295
364	0.0552674
365	0.0553052
366	0.0553429
367	0.0553805
368	0.0554181
369	0.0554555
370	0.0554929
371	0.0555303
372	0.0555675
373	0.0556047
374	0.0556418
375	0.0556788
376	0.0557157
377	0.0557526
378	0.0557894
379	0.0558262
380	0.0558628
381	0.0558994
382	0.0559359
383	0.0559724
384	0.0560087
385	0.056045
386	0.0560813
387	0.0561174
388	0.0561535
389	0.0561895
390	0.0562255
391	0.0562614
392	0.0562972
393	0.056333
394	0.0563686
395	0.0564042
396	0.0564398
397	0.0564753
398	0.0565107
399	0.056546
400	0.0565813
401	0.0566165
402	0.0566517
403	0.0566867
404	0.0567218
405	0.0567567
406	0.0567916
407	0.0568264
408	0.0568612
409	0.0568959
410	0.0569305
411	0.0569651
412	0.0569996
413	0.057034
414	0.0570684
415	0.0571027
416	0.057137
417	0.0571712
418	0.0572053
419	0.0572394
420	0.0572734
421	0.0573074
422	0.0573413
423	0.0573751
424	0.0574089
425	0.0574426
426	0.0574763
427	0.0575099
428	0.0575434
429	0.0575769
430	0.0576103
431	0.0576437
432	0.057677
433	0.0577102
434	0.0577434
435	0.0577765
436	0.0578096
437	0.0578426
438	0.0578756
439	0.0579085
440	0.0579413
441	0.0579741
442	0.0580069
443	0.0580396
444	0.0580722
445	0.0581048
446	0.0581373
447	0.0581698
448	0.0582022
449	0.0582345
450	0.0582668
451	0.0582991
452	0.0583313
453	0.0583634
454	0.0583955
455	0.0584275
456	0.0584595
457	0.0584915
458	0.0585233
459	0.0585552
460	0.0585869
461	0.0586187
462	0.0586503
463	0.058682
464	0.0587135
465	0.0587451
466	0.0587765
467	0.0588079
468	0.0588393
469	0.0588706
470	0.0589019
471	0.0589331
472	0.0589643
473	0.0589954
474	0.0590265
475	0.0590575
476	0.0590885
477	0.0591194
478	0.0591503
479	0.0591811
480	0.0592119
481	0.0592426
482	0.0592733
483	0.0593039
484	0.0593345
485	0.0593651
486	0.0593956
487	0.059426
488	0.0594564
489	0.0594868
490	0.0595171
491	0.0595473
492	0.0595776
493	0.0596077
494	0.0596379
495	0.0596679
496	0.059698
497	0.059728
498	0.0597579
499	0.0597878
500	0.0598176
501	0.0598475
