1	0.0127287
2	0.0169035
3	0.01604
4	0.0169429
5	0.0178871
6	0.0182895
7	0.0187172
8	0.0192073
9	0.0196541
10	0.0200676
11	0.0204667
12	0.0208488
13	0.0212127
14	0.0215609
15	0.021895
16	0.0222159
17	0.0225246
18	0.0228221
19	0.0231091
20	0.0233866
21	0.023655
22	0.0239151
23	0.0241674
24	0.0244124
25	0.0246505
26	0.0248821
27	0.0251077
28	0.0253276
29	0.0255421
30	0.0257515
31	0.025956
32	0.0261559
33	0.0263514
34	0.0265428
35	0.0267303
36	0.0269139
37	0.0270939
38	0.0272705
39	0.0274438
40	0.0276139
41	0.0277809
42	0.0279451
43	0.0281065
44	0.0282651
45	0.0284212
46	0.0285747
47	0.0287259
48	0.0288747
49	0.0290213
50	0.0291658
51	0.0293081
52	0.0294484
53	0.0295868
54	0.0297233
55	0.0298579
56	0.0299907
57	0.0301218
58	0.0302513
59	0.0303791
60	0.0305053
61	0.03063
62	0.0307532
63	0.030875
64	0.0309953
65	0.0311143
66	0.0312319
67	0.0313482
68	0.0314632
69	0.031577
70	0.0316896
71	0.031801
72	0.0319113
73	0.0320204
74	0.0321284
75	0.0322354
76	0.0323413
77	0.0324462
78	0.0325501
79	0.032653
80	0.0327549
81	0.0328559
82	0.032956
83	0.0330551
84	0.0331534
85	0.0332509
86	0.0333475
87	0.0334432
88	0.0335382
89	0.0336323
90	0.0337257
91	0.0338183
92	0.0339102
93	0.0340013
94	0.0340917
95	0.0341813
96	0.0342703
97	0.0343586
98	0.0344462
99	0.0345332
100	0.0346195
101	0.0347052
102	0.0347902
103	0.0348746
104	0.0349584
105	0.0350416
106	0.0351243
107	0.0352063
108	0.0352878
109	0.0353687
110	0.0354491
111	0.035529
112	0.0356083
113	0.035687
114	0.0357653
115	0.035843
116	0.0359203
117	0.035997
118	0.0360733
119	0.0361491
120	0.0362244
121	0.0362992
122	0.0363736
123	0.0364476
124	0.0365211
125	0.0365941
126	0.0366667
127	0.0367389
128	0.0368107
129	0.036882
130	0.036953
131	0.0370235
132	0.0370936
133	0.0371633
134	0.0372327
135	0.0373017
136	0.0373702
137	0.0374384
138	0.0375063
139	0.0375737
140	0.0376409
141	0.0377076
142	0.037774
143	0.0378401
144	0.0379058
145	0.0379711
146	0.0380362
147	0.0381009
148	0.0381652
149	0.0382293
150	0.038293
151	0.0383564
152	0.0384195
153	0.0384823
154	0.0385448
155	0.038607
156	0.0386689
157	0.0387305
158	0.0387918
159	0.0388528
160	0.0389135
161	0.038974
162	0.0390341
163	0.039094
164	0.0391536
165	0.039213
166	0.039272
167	0.0393308
168	0.0393894
169	0.0394477
170	0.0395057
171	0.0395635
172	0.039621
173	0.0396783
174	0.0397353
175	0.0397921
176	0.0398486
177	0.0399049
178	0.039961
179	0.0400168
180	0.0400724
181	0.0401278
182	0.0401829
183	0.0402378
184	0.0402925
185	0.040347
186	0.0404012
187	0.0404553
188	0.0405091
189	0.0405627
190	0.0406161
191	0.0406692
192	0.0407222
193	0.040775
194	0.0408275
195	0.0408799
196	0.0409321
197	0.040984
198	0.0410358
199	0.0410874
200	0.0411387
201	0.0411899
202	0.0412409
203	0.0412917
204	0.0413423
205	0.0413928
206	0.041443
207	0.0414931
208	0.041543
209	0.0415927
210	0.0416422
211	0.0416916
212	0.0417408
213	0.0417898
214	0.0418386
215	0.0418873
216	0.0419358
217	0.0419841
218	0.0420323
219	0.0420803
220	0.0421281
221	0.0421758
222	0.0422233
223	0.0422706
224	0.0423178
225	0.0423648
226	0.0424117
227	0.0424585
228	0.042505
229	0.0425514
230	0.0425977
231	0.0426438
232	0.0426898
233	0.0427356
234	0.0427813
235	0.0428268
236	0.0428722
237	0.0429174
238	0.0429625
239	0.0430075
240	0.0430523
241	0.043097
242	0.0431415
243	0.0431859
244	0.0432302
245	0.0432743
246	0.0433183
247	0.0433621
248	0.0434059
249	0.0434495
250	0.0434929
251	0.0435363
252	0.0435795
253	0.0436225
254	0.0436655
255	0.0437083
256	0.043751
257	0.0437936
258	0.043836
259	0.0438784
260	0.0439206
261	0.0439626
262	0.0440046
263	0.0440465
264	0.0440882
265	0.0441298
266	0.0441713
267	0.0442126
268	0.0442539
269	0.044295
270	0.0443361
271	0.044377
272	0.0444178
273	0.0444585
274	0.044499
275	0.0445395
276	0.0445799
277	0.0446201
278	0.0446602
279	0.0447003
280	0.0447402
281	0.04478
282	0.0448197
283	0.0448593
284	0.0448988
285	0.0449382
286	0.0449775
287	0.0450167
288	0.0450558
289	0.0450948
290	0.0451337
291	0.0451725
292	0.0452111
293	0.0452497
294	0.0452882
295	0.0453266
296	0.0453649
297	0.0454031
298	0.0454412
299	0.0454792
300	0.0455171
301	0.0455549
302	0.0455927
303	0.0456303
304	0.0456678
305	0.0457053
306	0.0457426
307	0.0457799
308	0.045817
309	0.0458541
310	0.0458911
311	0.045928
312	0.0459648
313	0.0460015
314	0.0460382
315	0.0460747
316	0.0461112
317	0.0461476
318	0.0461839
319	0.0462201
320	0.0462562
321	0.0462922
322	0.0463282
323	0.046364
324	0.0463998
325	0.0464355
326	0.0464711
327	0.0465067
328	0.0465421
329	0.0465775
330	0.0466128
331	0.046648
332	0.0466831
333	0.0467182
334	0.0467532
335	0.0467881
336	0.0468229
337	0.0468576
338	0.0468923
339	0.0469269
340	0.0469614
341	0.0469959
342	0.0470302
343	0.0470645
344	0.0470987
345	0.0471329
346	0.0471669
347	0.0472009
348	0.0472348
349	0.0472687
350	0.0473024
351	0.0473361
352	0.0473698
353	0.0474033
354	0.0474368
355	0.0474702
356	0.0475036
357	0.0475368
358	0.04757
359	0.0476032
360	0.0476362
361	0.0476692
362	0.0477022
363	0.047735
364	0.0477678
365	0.0478005
366	0.0478332
367	0.0478658
368	0.0478983
369	0.0479308
370	0.0479632
371	0.0479955
372	0.0480278
373	0.04806
374	0.0480921
375	0.0481242
376	0.0481562
377	0.0481881
378	0.04822
379	0.0482518
380	0.0482835
381	0.0483152
382	0.0483469
383	0.0483784
384	0.0484099
385	0.0484414
386	0.0484727
387	0.0485041
388	0.0485353
389	0.0485665
390	0.0485977
391	0.0486287
392	0.0486598
393	0.0486907
394	0.0487216
395	0.0487525
396	0.0487832
397	0.048814
398	0.0488446
399	0.0488753
400	0.0489058
401	0.0489363
402	0.0489667
403	0.0489971
404	0.0490274
405	0.0490577
406	0.0490879
407	0.0491181
408	0.0491482
409	0.0491782
410	0.0492082
411	0.0492382
412	0.0492681
413	0.0492979
414	0.0493277
415	0.0493574
416	0.049387
417	0.0494167
418	0.0494462
419	0.0494757
420	0.0495052
421	0.0495346
422	0.0495639
423	0.0495932
424	0.0496225
425	0.0496517
426	0.0496808
427	0.0497099
428	0.049739
429	0.0497679
430	0.0497969
431	0.0498258
432	0.0498546
433	0.0498834
434	0.0499121
435	0.0499408
436	0.0499695
437	0.0499981
438	0.0500266
439	0.0500551
440	0.0500835
441	0.0501119
442	0.0501403
443	0.0501686
444	0.0501968
445	0.050225
446	0.0502532
447	0.0502813
448	0.0503094
449	0.0503374
450	0.0503654
451	0.0503933
452	0.0504212
453	0.050449
454	0.0504768
455	0.0505045
456	0.0505322
457	0.0505599
458	0.0505875
459	0.050615
460	0.0506425
461	0.05067
462	0.0506974
463	0.0507248
464	0.0507521
465	0.0507794
466	0.0508067
467	0.0508339
468	0.050861
469	0.0508881
470	0.0509152
471	0.0509422
472	0.0509692
473	0.0509962
474	0.0510231
475	0.0510499
476	0.0510767
477	0.0511035
478	0.0511302
479	0.0511569
480	0.0511836
481	0.0512102
482	0.0512368
483	0.0512633
484	0.0512898
485	0.0513162
486	0.0513426
487	0.051369
488	0.0513953
489	0.0514216
490	0.0514478
491	0.051474
492	0.0515002
493	0.0515263
494	0.0515524
495	0.0515784
496	0.0516044
497	0.0516304
498	0.0516563
499	0.0516822
500	0.051708
501	0.0517338
