0   1
0.0510204   0.997058
0.102041   1.00081
0.153061   1.00998
0.204082   1.00244
0.255102   0.982661
0.306122   0.984698
0.357143   1.01622
0.408163   1.03762
0.459184   1.01245
0.510204   0.958008
0.561224   0.931094
0.612245   0.969943
0.663265   1.05704
0.714286   1.13307
0.765306   1.14
0.816327   1.05446
0.867347   0.892712
0.918367   0.6937
0.969388   0.497442
1.02041   0.331113
1.07143   0.205732
1.12245   0.11993
1.17347   0.0658888
1.22449   0.0342518
1.27551   0.0169071
1.32653   0.00794917
1.37755   0.00356981
1.42857   0.00153502
1.47959   0.000633423
1.53061   0.000251336
1.58163   9.60704e-05
1.63265   3.54336e-05
1.68367   1.26297e-05
1.73469   4.35635e-06
1.78571   1.45602e-06
1.83673   4.72102e-07
1.88776   1.48665e-07
1.93878   4.55125e-08
1.9898   1.35586e-08
2.04082   3.93413e-09
2.09184   1.11274e-09
2.14286   3.07039e-10
2.19388   8.27116e-11
2.2449   2.17678e-11
2.29592   5.60045e-12
2.34694   1.40969e-12
2.39796   3.46324e-13
2.44898   8.80071e-14
2.5   0
