0   1
0.0125628   1
0.0251256   1
0.0376884   1
0.0502513   1
0.0628141   1
0.0753769   1
0.0879397   1
0.100503   0.999999
0.113065   0.999999
0.125628   0.999999
0.138191   0.999999
0.150754   0.999999
0.163317   0.999999
0.175879   0.999998
0.188442   0.999998
0.201005   0.999998
0.213568   0.999998
0.226131   0.999998
0.238693   0.999997
0.251256   0.999997
0.263819   0.999997
0.276382   0.999997
0.288945   0.999997
0.301508   0.999997
0.31407   0.999996
0.326633   0.999996
0.339196   0.999996
0.351759   0.999996
0.364322   0.999996
0.376884   0.999996
0.389447   0.999996
0.40201   0.999995
0.414573   0.999995
0.427136   0.999995
0.439698   0.999995
0.452261   0.999995
0.464824   0.999995
0.477387   0.999994
0.48995   0.999993
0.502513   0.999992
0.515075   0.999994
0.527638   0.999997
0.540201   0.999997
0.552764   0.999993
0.565327   0.999986
0.577889   0.999983
0.590452   0.999988
0.603015   1
0.615578   1.00002
0.628141   1.00002
0.640704   0.999989
0.653266   0.999942
0.665829   0.999906
0.678392   0.999923
0.690955   1.00002
0.703518   1.00017
0.71608   1.00029
0.728643   1.00027
0.741206   1.00001
0.753769   0.999507
0.766332   0.998915
0.778894   0.998557
0.791457   0.99885
0.80402   1.00015
0.816583   1.00256
0.829146   1.00571
0.841709   1.00869
0.854271   1.00995
0.866834   1.0075
0.879397   0.99913
0.89196   0.982703
0.904523   0.956527
0.917085   0.919614
0.929648   0.871853
0.942211   0.814053
0.954774   0.747853
0.967337   0.675521
0.979899   0.599694
0.992462   0.523099
1.00503   0.448295
1.01759   0.377471
1.03015   0.312319
1.04271   0.253975
1.05528   0.203032
1.06784   0.159603
1.0804   0.123409
1.09296   0.0938899
1.10553   0.0703065
1.11809   0.0518343
1.13065   0.0376377
1.14322   0.0269247
1.15578   0.0189818
1.16834   0.0131921
1.1809   0.00904091
1.19347   0.00611161
1.20603   0.00407632
1.21859   0.00268329
1.23116   0.00174369
1.24372   0.00111888
1.25628   0.000709118
1.26884   0.000443994
1.28141   0.000274701
1.29397   0.000167982
1.30653   0.000101551
1.3191   6.07024e-05
1.33166   3.58858e-05
1.34422   2.09854e-05
1.35678   1.21414e-05
1.36935   6.95122e-06
1.38191   3.93884e-06
1.39447   2.20935e-06
1.40704   1.22694e-06
1.4196   6.74701e-07
1.43216   3.67451e-07
1.44472   1.98222e-07
1.45729   1.05933e-07
1.46985   5.6092e-08
1.48241   2.9432e-08
1.49497   1.53055e-08
1.50754   7.88932e-09
1.5201   4.03136e-09
1.53266   2.04238e-09
1.54523   1.026e-09
1.55779   5.11133e-10
1.57035   2.52549e-10
1.58291   1.23775e-10
1.59548   6.01781e-11
1.60804   2.90276e-11
1.6206   1.38929e-11
1.63317   6.59829e-12
1.64573   3.11004e-12
1.65829   1.45492e-12
1.67085   6.75598e-13
1.68342   3.11427e-13
1.69598   1.42522e-13
1.70854   6.4759e-14
1.72111   2.9218e-14
1.73367   1.30908e-14
1.74623   5.82486e-15
1.75879   2.57419e-15
1.77136   1.12997e-15
1.78392   4.92714e-16
1.79648   2.13432e-16
1.80905   9.18523e-17
1.82161   3.92753e-17
1.83417   1.6687e-17
1.84673   7.0452e-18
1.8593   2.95594e-18
1.87186   1.23258e-18
1.88442   5.10832e-19
1.89698   2.10432e-19
1.90955   8.61676e-20
1.92211   3.50752e-20
1.93467   1.41941e-20
1.94724   5.71073e-21
1.9598   2.28442e-21
1.97236   9.08627e-22
1.98492   3.59373e-22
1.99749   1.41344e-22
2.01005   5.5285e-23
2.02261   2.15058e-23
2.03518   8.32044e-24
2.04774   3.20185e-24
2.0603   1.22558e-24
2.07286   4.66646e-25
2.08543   1.76751e-25
2.09799   6.66016e-26
2.11055   2.49676e-26
2.12312   9.3123e-27
2.13568   3.45578e-27
2.14824   1.27603e-27
2.1608   4.6884e-28
2.17337   1.71417e-28
2.18593   6.23684e-29
2.19849   2.25828e-29
2.21106   8.13789e-30
2.22362   2.91865e-30
2.23618   1.04186e-30
2.24874   3.70173e-31
2.26131   1.30915e-31
2.27387   4.60872e-32
2.28643   1.61507e-32
2.29899   5.63431e-33
2.31156   1.95678e-33
2.32412   6.76571e-34
2.33668   2.32899e-34
2.34925   7.98221e-35
2.36181   2.7239e-35
2.37437   9.25528e-36
2.38693   3.13135e-36
2.3995   1.05495e-36
2.41206   3.53918e-37
2.42462   1.18239e-37
2.43719   3.93386e-38
2.44975   1.30339e-38
2.46231   4.30312e-39
2.47487   1.40526e-39
2.48744   4.98252e-40
2.5   0
