0   1
0.00716332   1
0.0143266   1
0.02149   1
0.0286533   1
0.0358166   1
0.0429799   1
0.0501433   1
0.0573066   1
0.0644699   1
0.0716332   1
0.0787966   1
0.0859599   1
0.0931232   1
0.100287   1
0.10745   1
0.114613   1
0.121777   1
0.12894   1
0.136103   1
0.143266   1
0.15043   1
0.157593   1
0.164756   1
0.17192   1
0.179083   1
0.186246   1
0.19341   1
0.200573   1
0.207736   1
0.2149   1
0.222063   1
0.229226   1
0.23639   1
0.243553   1
0.250716   1
0.25788   1
0.265043   1
0.272206   1
0.27937   1
0.286533   1
0.293696   1
0.30086   1
0.308023   1
0.315186   1
0.32235   1
0.329513   1
0.336676   1
0.34384   1
0.351003   1
0.358166   1
0.36533   1
0.372493   1
0.379656   1
0.386819   1
0.393983   1
0.401146   1
0.408309   1
0.415473   1
0.422636   1
0.429799   1
0.436963   1
0.444126   1
0.451289   1
0.458453   1
0.465616   1
0.472779   1
0.479943   1
0.487106   1
0.494269   1
0.501433   1
0.508596   1
0.515759   1
0.522923   1
0.530086   1
0.537249   1
0.544413   1
0.551576   1
0.558739   1
0.565903   1
0.573066   1
0.580229   1
0.587393   1
0.594556   1
0.601719   1
0.608883   1
0.616046   1
0.623209   1
0.630372   1
0.637536   1
0.644699   1
0.651862   1
0.659026   1
0.666189   1
0.673352   1
0.680516   1
0.687679   1
0.694842   1
0.702006   1
0.709169   1
0.716332   1
0.723496   1
0.730659   1
0.737822   1
0.744986   1
0.752149   1
0.759312   1
0.766476   1.00001
0.773639   1.00001
0.780802   1.00002
0.787966   1.00003
0.795129   1.00003
0.802292   1.00003
0.809456   1.00001
0.816619   0.999947
0.823782   0.999793
0.830946   0.99949
0.838109   0.998951
0.845272   0.998054
0.852436   0.996646
0.859599   0.994531
0.866762   0.991475
0.873926   0.987208
0.881089   0.98143
0.888252   0.973819
0.895415   0.964046
0.902579   0.951789
0.909742   0.936752
0.916905   0.91868
0.924069   0.897383
0.931232   0.872745
0.938395   0.844739
0.945559   0.813437
0.952722   0.77901
0.959885   0.741727
0.967049   0.701948
0.974212   0.660111
0.981375   0.616715
0.988539   0.572302
0.995702   0.527435
1.00287   0.482677
1.01003   0.438571
1.01719   0.395621
1.02436   0.354279
1.03152   0.314932
1.03868   0.277894
1.04585   0.2434
1.05301   0.211612
1.06017   0.182617
1.06734   0.156432
1.0745   0.133017
1.08166   0.112278
1.08883   0.0940821
1.09599   0.0782637
1.10315   0.064636
1.11032   0.0529995
1.11748   0.0431494
1.12464   0.0348825
1.13181   0.0280025
1.13897   0.0223237
1.14613   0.0176743
1.1533   0.0138981
1.16046   0.010855
1.16762   0.00842157
1.17479   0.00649045
1.18195   0.00496938
1.18911   0.00378009
1.19628   0.00285696
1.20344   0.00214553
1.2106   0.00160112
1.21777   0.00118739
1.22493   0.000875139
1.23209   0.00064106
1.23926   0.00046675
1.24642   0.000337802
1.25358   0.000243029
1.26074   0.000173818
1.26791   0.000123596
1.27507   8.73786e-05
1.28223   6.14222e-05
1.2894   4.29328e-05
1.29656   2.98415e-05
1.30372   2.06274e-05
1.31089   1.41802e-05
1.31805   9.69521e-06
1.32521   6.59316e-06
1.33238   4.45978e-06
1.33954   3.00082e-06
1.3467   2.00859e-06
1.35387   1.3375e-06
1.36103   8.86063e-07
1.36819   5.84018e-07
1.37536   3.83e-07
1.38252   2.49922e-07
1.38968   1.62278e-07
1.39685   1.04854e-07
1.40401   6.7422e-08
1.41117   4.31447e-08
1.41834   2.74777e-08
1.4255   1.74173e-08
1.43266   1.09886e-08
1.43983   6.90064e-09
1.44699   4.31355e-09
1.45415   2.68409e-09
1.46132   1.66262e-09
1.46848   1.02528e-09
1.47564   6.29444e-10
1.48281   3.8473e-10
1.48997   2.34129e-10
1.49713   1.41863e-10
1.5043   8.55885e-11
1.51146   5.14171e-11
1.51862   3.07583e-11
1.52579   1.83229e-11
1.53295   1.08697e-11
1.54011   6.42165e-12
1.54728   3.7783e-12
1.55444   2.21402e-12
1.5616   1.29215e-12
1.56877   7.51119e-13
1.57593   4.34891e-13
1.58309   2.50807e-13
1.59026   1.4408e-13
1.59742   8.24481e-14
1.60458   4.69988e-14
1.61175   2.66891e-14
1.61891   1.50985e-14
1.62607   8.50941e-15
1.63324   4.77797e-15
1.6404   2.67286e-15
1.64756   1.48974e-15
1.65473   8.27294e-16
1.66189   4.57755e-16
1.66905   2.52373e-16
1.67622   1.38643e-16
1.68338   7.58953e-17
1.69054   4.14e-17
1.69771   2.25043e-17
1.70487   1.21905e-17
1.71203   6.58083e-18
1.7192   3.54039e-18
1.72636   1.89821e-18
1.73352   1.01431e-18
1.74069   5.40178e-19
1.74785   2.86719e-19
1.75501   1.51684e-19
1.76218   7.99825e-20
1.76934   4.2037e-20
1.7765   2.20221e-20
1.78367   1.14997e-20
1.79083   5.98585e-21
1.79799   3.10586e-21
1.80516   1.60645e-21
1.81232   8.28303e-22
1.81948   4.25752e-22
1.82665   2.18162e-22
1.83381   1.11446e-22
1.84097   5.67571e-23
1.84814   2.88176e-23
1.8553   1.45876e-23
1.86246   7.36215e-24
1.86963   3.70452e-24
1.87679   1.85854e-24
1.88395   9.29677e-25
1.89112   4.63684e-25
1.89828   2.30594e-25
1.90544   1.14346e-25
1.91261   5.65383e-26
1.91977   2.78757e-26
1.92693   1.37049e-26
1.9341   6.71893e-27
1.94126   3.28478e-27
1.94842   1.60141e-27
1.95559   7.78564e-28
1.96275   3.77477e-28
1.96991   1.82514e-28
1.97708   8.80077e-29
1.98424   4.23223e-29
1.9914   2.02978e-29
1.99857   9.70883e-30
2.00573   4.63158e-30
2.01289   2.20365e-30
2.02006   1.04572e-30
2.02722   4.9494e-31
2.03438   2.33647e-31
2.04155   1.10013e-31
2.04871   5.1667e-32
2.05587   2.42031e-32
2.06304   1.1309e-32
2.0702   5.27087e-33
2.07736   2.45046e-33
2.08453   1.13639e-33
2.09169   5.25686e-34
2.09885   2.42579e-34
2.10602   1.11663e-34
2.11318   5.1275e-35
2.12034   2.3488e-35
2.12751   1.07333e-35
2.13467   4.89303e-36
2.14183   2.22527e-36
2.149   1.00961e-36
2.15616   4.56977e-37
2.16332   2.06354e-37
2.17049   9.29638e-38
2.17765   4.17833e-38
2.18481   1.87363e-38
2.19198   8.38234e-39
2.19914   3.74153e-39
2.2063   1.66625e-39
2.21347   7.40367e-40
2.22063   3.28225e-40
2.22779   1.45185e-40
2.23496   6.40765e-41
2.24212   2.82169e-41
2.24928   1.23982e-41
2.25645   5.43568e-42
2.26361   2.37791e-42
2.27077   1.03798e-42
2.27794   4.52109e-43
2.2851   1.96498e-43
2.29226   8.52198e-44
2.29943   3.68803e-44
2.30659   1.59267e-44
2.31375   6.86336e-45
2.32092   2.95144e-45
2.32808   1.26654e-45
2.33524   5.42377e-46
2.34241   2.31783e-46
2.34957   9.88471e-47
2.35673   4.20682e-47
2.3639   1.78672e-47
2.37106   7.57309e-48
2.37822   3.20339e-48
2.38539   1.3523e-48
2.39255   5.69722e-49
2.39971   2.39544e-49
2.40688   1.00518e-49
2.41404   4.20964e-50
2.4212   1.7595e-50
2.42837   7.33979e-51
2.43553   3.05583e-51
2.44269   1.26979e-51
2.44986   5.26618e-52
2.45702   2.17983e-52
2.46418   9.0058e-53
2.47135   3.71323e-53
2.47851   1.52965e-53
2.48567   6.22274e-54
2.49284   2.8168e-54
2.5   0
