0   1
0.0510204   1
0.102041   0.999985
0.153061   0.999993
0.204082   1.00008
0.255102   1.00007
0.306122   0.99975
0.357143   0.999593
0.408163   1.00048
0.459184   1.00177
0.510204   1.00061
0.561224   0.995549
0.612245   0.991709
0.663265   0.999014
0.714286   1.02098
0.765306   1.04331
0.816327   1.03545
0.867347   0.967551
0.918367   0.830478
0.969388   0.643342
1.02041   0.443607
1.07143   0.268304
1.12245   0.139261
1.17347   0.0594207
1.22449   0.0185843
1.27551   0.00221514
1.32653   -0.00203951
1.37755   -0.00188929
1.42857   -0.00093257
1.47959   -0.000289276
1.53061   -2.90566e-05
1.58163   2.83036e-05
1.63265   2.11592e-05
1.68367   7.89169e-06
1.73469   1.34405e-06
1.78571   -3.65536e-07
1.83673   -3.67777e-07
1.88776   -1.37997e-07
1.93878   -2.16629e-08
1.9898   6.35966e-09
2.04082   5.4809e-09
2.09184   1.74715e-09
2.14286   1.61468e-10
2.19388   -1.1889e-10
2.2449   -6.67332e-11
2.29592   -1.51644e-11
2.34694   5.80077e-13
2.39796   1.7036e-12
2.44898   5.9366e-13
2.5   0
