0   1
0.0252525   1
0.0505051   1
0.0757576   1
0.10101   1
0.126263   1
0.151515   0.999999
0.176768   0.999999
0.20202   0.999999
0.227273   0.999999
0.252525   0.999999
0.277778   0.999999
0.30303   0.999999
0.328283   0.999999
0.353535   1
0.378788   0.999999
0.40404   0.999997
0.429293   0.999996
0.454545   1
0.479798   1.00001
0.505051   1.00001
0.530303   0.999978
0.555556   0.999941
0.580808   0.999968
0.606061   1.00011
0.631313   1.00028
0.656566   1.0002
0.681818   0.999611
0.707071   0.998669
0.732323   0.998277
0.757576   0.999852
0.782828   1.0043
0.808081   1.01055
0.833333   1.01436
0.858586   1.0085
0.883838   0.984395
0.909091   0.934925
0.934343   0.857157
0.959596   0.753808
0.984848   0.632828
1.0101   0.50534
1.03535   0.382804
1.06061   0.27447
1.08586   0.185882
1.11111   0.118637
1.13636   0.0711594
1.16162   0.0399623
1.18687   0.0208996
1.21212   0.0100958
1.23737   0.00444482
1.26263   0.0017408
1.28788   0.000575741
1.31313   0.000137619
1.33838   4.20737e-06
1.36364   -2.04797e-05
1.38889   -1.57392e-05
1.41414   -7.96078e-06
1.43939   -3.08939e-06
1.46465   -8.88829e-07
1.4899   -1.30071e-07
1.51515   4.61314e-08
1.5404   4.89177e-08
1.56566   2.46319e-08
1.59091   8.60508e-09
1.61616   1.92906e-09
1.64141   1.40791e-11
1.66667   -2.45017e-10
1.69192   -1.45153e-10
1.71717   -5.25799e-11
1.74242   -1.17795e-11
1.76768   -1.65364e-13
1.79293   1.31858e-12
1.81818   7.33096e-13
1.84343   2.38667e-13
1.86869   4.22186e-14
1.89394   -4.76852e-15
1.91919   -7.07516e-15
1.94444   -3.05277e-15
1.9697   -7.66664e-16
1.99495   -5.69562e-17
2.0202   5.13994e-17
2.04545   3.03833e-17
2.07071   9.22449e-18
2.09596   1.31497e-18
2.12121   -2.88551e-19
2.14646   -2.57294e-19
2.17172   -8.8708e-20
2.19697   -1.55877e-20
2.22222   1.26817e-21
2.24747   1.96129e-21
2.27273   7.31366e-22
2.29798   1.38919e-22
2.32323   -4.96591e-24
2.34848   -1.39735e-23
2.37374   -5.34473e-24
2.39899   -1.01561e-24
2.42424   3.01164e-26
2.44949   9.47589e-26
2.47475   3.54773e-26
2.5   0
