0   1
0.0100402   1
0.0200803   1
0.0301205   1
0.0401606   1
0.0502008   1
0.060241   1
0.0702811   0.999999
0.0803213   0.999999
0.0903614   0.999999
0.100402   0.999999
0.110442   0.999999
0.120482   0.999999
0.130522   0.999999
0.140562   0.999999
0.150602   0.999999
0.160643   0.999999
0.170683   0.999998
0.180723   0.999998
0.190763   0.999998
0.200803   0.999998
0.210843   0.999998
0.220884   0.999998
0.230924   0.999998
0.240964   0.999998
0.251004   0.999998
0.261044   0.999998
0.271084   0.999998
0.281124   0.999997
0.291165   0.999997
0.301205   0.999997
0.311245   0.999997
0.321285   0.999997
0.331325   0.999997
0.341365   0.999997
0.351406   0.999997
0.361446   0.999997
0.371486   0.999997
0.381526   0.999996
0.391566   0.999996
0.401606   0.999996
0.411647   0.999996
0.421687   0.999996
0.431727   0.999996
0.441767   0.999996
0.451807   0.999996
0.461847   0.999996
0.471888   0.999996
0.481928   0.999996
0.491968   0.999995
0.502008   0.999995
0.512048   0.999995
0.522088   0.999995
0.532129   0.999995
0.542169   0.999995
0.552209   0.999995
0.562249   0.999995
0.572289   0.999995
0.582329   0.999995
0.592369   0.999994
0.60241   0.999994
0.61245   0.999994
0.62249   0.999994
0.63253   0.999994
0.64257   0.999994
0.65261   0.999994
0.662651   0.999994
0.672691   0.999994
0.682731   0.999994
0.692771   0.999993
0.702811   0.999993
0.712851   0.999993
0.722892   0.999993
0.732932   0.999993
0.742972   0.999993
0.753012   0.999995
0.763052   0.999998
0.773092   1
0.783133   1
0.793173   0.999995
0.803213   0.999957
0.813253   0.999854
0.823293   0.999622
0.833333   0.999159
0.843373   0.99831
0.853414   0.996857
0.863454   0.994505
0.873494   0.99088
0.883534   0.985527
0.893574   0.977928
0.903614   0.967515
0.913655   0.953712
0.923695   0.935968
0.933735   0.913809
0.943775   0.886881
0.953815   0.854994
0.963855   0.818159
0.973896   0.776598
0.983936   0.730756
0.993976   0.681281
1.00402   0.628994
1.01406   0.574844
1.0241   0.519854
1.03414   0.46506
1.04418   0.411459
1.05422   0.359957
1.06426   0.311325
1.0743   0.266176
1.08434   0.224949
1.09438   0.187904
1.10442   0.155138
1.11446   0.1266
1.1245   0.102115
1.13454   0.0814144
1.14458   0.0641647
1.15462   0.049992
1.16466   0.0385076
1.1747   0.0293273
1.18474   0.0220858
1.19478   0.016448
1.20482   0.0121147
1.21486   0.00882595
1.2249   0.00636065
1.23494   0.00453504
1.24498   0.00319925
1.25502   0.00223331
1.26506   0.00154289
1.2751   0.001055
1.28514   0.000714083
1.29518   0.000478492
1.30522   0.000317451
1.31526   0.000208548
1.3253   0.000135677
1.33534   8.7423e-05
1.34538   5.57972e-05
1.35542   3.52786e-05
1.36546   2.20989e-05
1.3755   1.37162e-05
1.38554   8.43616e-06
1.39558   5.14221e-06
1.40562   3.10665e-06
1.41566   1.86044e-06
1.4257   1.10449e-06
1.43574   6.5009e-07
1.44578   3.79395e-07
1.45582   2.19563e-07
1.46586   1.26012e-07
1.4759   7.17294e-08
1.48594   4.04994e-08
1.49598   2.26833e-08
1.50602   1.2604e-08
1.51606   6.94857e-09
1.5261   3.80104e-09
1.53614   2.06332e-09
1.54618   1.11153e-09
1.55622   5.94305e-10
1.56627   3.15399e-10
1.57631   1.66154e-10
1.58635   8.68952e-11
1.59639   4.51179e-11
1.60643   2.32597e-11
1.61647   1.19067e-11
1.62651   6.0527e-12
1.63655   3.05566e-12
1.64659   1.53212e-12
1.65663   7.63033e-13
1.66667   3.77474e-13
1.67671   1.85505e-13
1.68675   9.0569e-14
1.69679   4.39327e-14
1.70683   2.11743e-14
1.71687   1.01409e-14
1.72691   4.82628e-15
1.73695   2.2827e-15
1.74699   1.07304e-15
1.75703   5.01345e-16
1.76707   2.32832e-16
1.77711   1.07487e-16
1.78715   4.93299e-17
1.79719   2.25074e-17
1.80723   1.02101e-17
1.81727   4.60524e-18
1.82731   2.06545e-18
1.83735   9.21172e-19
1.84739   4.08563e-19
1.85743   1.80215e-19
1.86747   7.90613e-20
1.87751   3.44985e-20
1.88755   1.49735e-20
1.89759   6.46481e-21
1.90763   2.77666e-21
1.91767   1.18644e-21
1.92771   5.04368e-22
1.93775   2.1333e-22
1.94779   8.97796e-23
1.95783   3.75967e-23
1.96787   1.56671e-23
1.97791   6.49703e-24
1.98795   2.68133e-24
1.99799   1.10133e-24
2.00803   4.50228e-25
2.01807   1.83197e-25
2.02811   7.41988e-26
2.03815   2.99148e-26
2.04819   1.20062e-26
2.05823   4.79704e-27
2.06827   1.90814e-27
2.07831   7.55677e-28
2.08835   2.97967e-28
2.09839   1.16984e-28
2.10843   4.57328e-29
2.11847   1.78029e-29
2.12851   6.90133e-30
2.13855   2.66424e-30
2.14859   1.0243e-30
2.15863   3.92206e-31
2.16867   1.49572e-31
2.17871   5.68135e-32
2.18876   2.1495e-32
2.1988   8.10067e-33
2.20884   3.04103e-33
2.21888   1.13724e-33
2.22892   4.23674e-34
2.23896   1.57244e-34
2.249   5.81429e-35
2.25904   2.14197e-35
2.26908   7.86212e-36
2.27912   2.87535e-36
2.28916   1.04781e-36
2.2992   3.80476e-37
2.30924   1.37671e-37
2.31928   4.96409e-38
2.32932   1.78375e-38
2.33936   6.38766e-39
2.3494   2.27968e-39
2.35944   8.10861e-40
2.36948   2.87456e-40
2.37952   1.01569e-40
2.38956   3.57712e-41
2.3996   1.25573e-41
2.40964   4.39406e-42
2.41968   1.53269e-42
2.42972   5.32933e-43
2.43976   1.84729e-43
2.4498   6.38342e-44
2.45984   2.19907e-44
2.46988   7.55344e-45
2.47992   2.5812e-45
2.48996   9.21833e-46
2.5   0
