0   1
0.0125628   1
0.0251256   1
0.0376884   1
0.0502513   1
0.0628141   1
0.0753769   1
0.0879397   1
0.100503   1
0.113065   1
0.125628   1
0.138191   1
0.150754   1
0.163317   1
0.175879   1
0.188442   1
0.201005   1
0.213568   1
0.226131   1
0.238693   1
0.251256   1
0.263819   1
0.276382   1
0.288945   1
0.301508   1
0.31407   1
0.326633   1
0.339196   1
0.351759   1
0.364322   1
0.376884   1
0.389447   1
0.40201   1
0.414573   1
0.427136   1
0.439698   1
0.452261   1
0.464824   1
0.477387   1
0.48995   1
0.502513   1
0.515075   1
0.527638   1
0.540201   1
0.552764   1
0.565327   1
0.577889   1
0.590452   1
0.603015   1
0.615578   1
0.628141   1
0.640704   1
0.653266   1
0.665829   1
0.678392   1
0.690955   1
0.703518   1
0.71608   0.999999
0.728643   0.999996
0.741206   0.999992
0.753769   0.999994
0.766332   1.00001
0.778894   1.00005
0.791457   1.00013
0.80402   1.00021
0.816583   1.00022
0.829146   0.999996
0.841709   0.999209
0.854271   0.997359
0.866834   0.993734
0.879397   0.987412
0.89196   0.977307
0.904523   0.96225
0.917085   0.941112
0.929648   0.912942
0.942211   0.877115
0.954774   0.833444
0.967337   0.782259
0.979899   0.724417
0.992462   0.661253
1.00503   0.594476
1.01759   0.526015
1.03015   0.457856
1.04271   0.391877
1.05528   0.329707
1.06784   0.27263
1.0804   0.221527
1.09296   0.17687
1.10553   0.138754
1.11809   0.106959
1.13065   0.0810184
1.14322   0.0603097
1.15578   0.0441235
1.16834   0.0317311
1.1809   0.0224331
1.19347   0.0155936
1.20603   0.010659
1.21859   0.00716593
1.23116   0.00473889
1.24372   0.00308319
1.25628   0.00197383
1.26884   0.00124358
1.28141   0.000771192
1.29397   0.000470803
1.30653   0.00028299
1.3191   0.000167503
1.33166   9.76466e-05
1.34422   5.60707e-05
1.35678   3.1719e-05
1.36935   1.76793e-05
1.38191   9.71029e-06
1.39447   5.25624e-06
1.40704   2.80445e-06
1.4196   1.47504e-06
1.43216   7.64875e-07
1.44472   3.91075e-07
1.45729   1.97178e-07
1.46985   9.80471e-08
1.48241   4.80872e-08
1.49497   2.32642e-08
1.50754   1.11032e-08
1.5201   5.22825e-09
1.53266   2.4291e-09
1.54523   1.11366e-09
1.55779   5.03868e-10
1.57035   2.24993e-10
1.58291   9.91611e-11
1.59548   4.31386e-11
1.60804   1.85256e-11
1.6206   7.85398e-12
1.63317   3.28733e-12
1.64573   1.35849e-12
1.65829   5.54317e-13
1.67085   2.2334e-13
1.68342   8.88595e-14
1.69598   3.49132e-14
1.70854   1.35469e-14
1.72111   5.19127e-15
1.73367   1.96473e-15
1.74623   7.34419e-16
1.75879   2.71147e-16
1.77136   9.88775e-17
1.78392   3.56146e-17
1.79648   1.26708e-17
1.80905   4.45274e-18
1.82161   1.54562e-18
1.83417   5.29941e-19
1.84673   1.79474e-19
1.8593   6.00368e-20
1.87186   1.98367e-20
1.88442   6.47364e-21
1.89698   2.0866e-21
1.90955   6.64243e-22
1.92211   2.08829e-22
1.93467   6.48348e-23
1.94724   1.9877e-23
1.9598   6.01712e-24
1.97236   1.79838e-24
1.98492   5.30627e-25
1.99749   1.54547e-25
2.01005   4.44266e-26
2.02261   1.26029e-26
2.03518   3.52751e-27
2.04774   9.73992e-28
2.0603   2.65238e-28
2.07286   7.12196e-29
2.08543   1.88504e-29
2.09799   4.91646e-30
2.11055   1.26306e-30
2.12312   3.19476e-31
2.13568   7.95168e-32
2.14824   1.94628e-32
2.1608   4.68103e-33
2.17337   1.10523e-33
2.18593   2.5588e-34
2.19849   5.80018e-35
2.21106   1.28481e-35
2.22362   2.77416e-36
2.23618   5.81836e-37
2.24874   1.17945e-37
2.26131   2.29341e-38
2.27387   4.22493e-39
2.28643   7.20867e-40
2.29899   1.08439e-40
2.31156   1.2394e-41
2.32412   2.33374e-43
2.33668   -4.63281e-43
2.34925   -2.01919e-43
2.36181   -6.2416e-44
2.37437   -1.66247e-44
2.38693   -4.03492e-45
2.3995   -9.12291e-46
2.41206   -1.93834e-46
2.42462   -3.87388e-47
2.43719   -7.23908e-48
2.44975   -1.2447e-48
2.46231   -1.89629e-49
2.47487   -2.30134e-50
2.48744   -1.1138e-51
2.5   0
