0   1
0.00716332   1
0.0143266   1
0.02149   1
0.0286533   1
0.0358166   1
0.0429799   0.999999
0.0501433   0.999999
0.0573066   0.999999
0.0644699   0.999999
0.0716332   0.999999
0.0787966   0.999999
0.0859599   0.999998
0.0931232   0.999998
0.100287   0.999998
0.10745   0.999998
0.114613   0.999998
0.121777   0.999997
0.12894   0.999997
0.136103   0.999997
0.143266   0.999997
0.15043   0.999997
0.157593   0.999996
0.164756   0.999996
0.17192   0.999996
0.179083   0.999996
0.186246   0.999996
0.19341   0.999995
0.200573   0.999995
0.207736   0.999995
0.2149   0.999995
0.222063   0.999995
0.229226   0.999994
0.23639   0.999994
0.243553   0.999994
0.250716   0.999994
0.25788   0.999994
0.265043   0.999993
0.272206   0.999993
0.27937   0.999993
0.286533   0.999993
0.293696   0.999993
0.30086   0.999992
0.308023   0.999992
0.315186   0.999992
0.32235   0.999992
0.329513   0.999992
0.336676   0.999992
0.34384   0.999991
0.351003   0.999991
0.358166   0.999991
0.36533   0.999991
0.372493   0.999991
0.379656   0.99999
0.386819   0.99999
0.393983   0.99999
0.401146   0.99999
0.408309   0.99999
0.415473   0.999989
0.422636   0.999989
0.429799   0.999989
0.436963   0.999989
0.444126   0.999989
0.451289   0.999988
0.458453   0.999988
0.465616   0.999988
0.472779   0.999988
0.479943   0.999988
0.487106   0.999987
0.494269   0.999987
0.501433   0.999987
0.508596   0.999987
0.515759   0.999987
0.522923   0.999986
0.530086   0.999986
0.537249   0.999986
0.544413   0.999986
0.551576   0.999986
0.558739   0.999985
0.565903   0.999985
0.573066   0.999985
0.580229   0.999985
0.587393   0.999985
0.594556   0.999985
0.601719   0.999984
0.608883   0.999984
0.616046   0.999984
0.623209   0.999984
0.630372   0.999984
0.637536   0.999983
0.644699   0.999983
0.651862   0.999983
0.659026   0.999983
0.666189   0.999983
0.673352   0.999982
0.680516   0.999982
0.687679   0.999982
0.694842   0.999982
0.702006   0.999982
0.709169   0.999981
0.716332   0.999981
0.723496   0.999981
0.730659   0.999981
0.737822   0.99998
0.744986   0.99998
0.752149   0.999979
0.759312   0.999977
0.766476   0.999974
0.773639   0.999968
0.780802   0.999958
0.787966   0.99994
0.795129   0.999911
0.802292   0.999862
0.809456   0.999783
0.816619   0.999661
0.823782   0.999474
0.830946   0.999195
0.838109   0.998786
0.845272   0.9982
0.852436   0.997373
0.859599   0.996229
0.866762   0.994675
0.873926   0.992597
0.881089   0.989866
0.888252   0.986333
0.895415   0.98183
0.902579   0.976176
0.909742   0.969181
0.916905   0.960646
0.924069   0.950374
0.931232   0.938175
0.938395   0.923875
0.945559   0.907325
0.952722   0.888406
0.959885   0.86704
0.967049   0.843195
0.974212   0.81689
0.981375   0.7882
0.988539   0.757255
0.995702   0.724239
1.00287   0.689388
1.01003   0.652986
1.01719   0.615351
1.02436   0.576835
1.03152   0.537805
1.03868   0.49864
1.04585   0.459712
1.05301   0.421384
1.06017   0.383995
1.06734   0.347852
1.0745   0.313226
1.08166   0.280345
1.08883   0.249391
1.09599   0.2205
1.10315   0.193759
1.11032   0.169215
1.11748   0.146869
1.12464   0.126688
1.13181   0.108607
1.13897   0.0925342
1.14613   0.0783555
1.1533   0.0659431
1.16046   0.0551581
1.16762   0.0458566
1.17479   0.0378928
1.18195   0.0311234
1.18911   0.0254101
1.19628   0.020622
1.20344   0.016637
1.2106   0.013343
1.21777   0.0106386
1.22493   0.00843306
1.23209   0.0066462
1.23926   0.00520795
1.24642   0.00405774
1.25358   0.00314372
1.26074   0.00242194
1.26791   0.00185552
1.27507   0.00141372
1.28223   0.00107123
1.2894   0.000807307
1.29656   0.000605134
1.30372   0.000451171
1.31089   0.0003346
1.31805   0.000246846
1.32521   0.000181159
1.33238   0.000132266
1.33954   9.60744e-05
1.3467   6.9432e-05
1.35387   4.99254e-05
1.36103   3.57201e-05
1.36819   2.54303e-05
1.37536   1.80159e-05
1.38252   1.27012e-05
1.38968   8.91125e-06
1.39685   6.22233e-06
1.40401   4.3242e-06
1.41117   2.99099e-06
1.41834   2.05921e-06
1.4255   1.41116e-06
1.43266   9.62634e-07
1.43983   6.53692e-07
1.44699   4.41904e-07
1.45415   2.97402e-07
1.46132   1.99267e-07
1.46848   1.3293e-07
1.47564   8.8291e-08
1.48281   5.83898e-08
1.48997   3.84503e-08
1.49713   2.52127e-08
1.5043   1.64632e-08
1.51146   1.07052e-08
1.51862   6.93235e-09
1.52579   4.4708e-09
1.53295   2.8716e-09
1.54011   1.83701e-09
1.54728   1.17047e-09
1.55444   7.42832e-10
1.5616   4.69582e-10
1.56877   2.95692e-10
1.57593   1.85476e-10
1.58309   1.15896e-10
1.59026   7.21437e-11
1.59742   4.47394e-11
1.60458   2.76412e-11
1.61175   1.70142e-11
1.61891   1.04344e-11
1.62607   6.37583e-12
1.63324   3.8818e-12
1.6404   2.35489e-12
1.64756   1.4235e-12
1.65473   8.57457e-13
1.66189   5.14686e-13
1.66905   3.07866e-13
1.67622   1.83519e-13
1.68338   1.09022e-13
1.69054   6.45465e-14
1.69771   3.80861e-14
1.70487   2.23979e-14
1.71203   1.31283e-14
1.7192   7.66969e-15
1.72636   4.46611e-15
1.73352   2.59223e-15
1.74069   1.49976e-15
1.74785   8.6493e-16
1.75501   4.9724e-16
1.76218   2.84962e-16
1.76934   1.62799e-16
1.7765   9.27198e-17
1.78367   5.26453e-17
1.79083   2.98004e-17
1.79799   1.68178e-17
1.80516   9.46268e-18
1.81232   5.3084e-18
1.81948   2.96912e-18
1.82665   1.65583e-18
1.83381   9.20746e-19
1.84097   5.10512e-19
1.84814   2.82244e-19
1.8553   1.55598e-19
1.86246   8.55374e-20
1.86963   4.68907e-20
1.87679   2.56334e-20
1.88395   1.39741e-20
1.89112   7.59706e-21
1.89828   4.11891e-21
1.90544   2.22711e-21
1.91261   1.20098e-21
1.91977   6.459e-22
1.92693   3.46453e-22
1.9341   1.85345e-22
1.94126   9.88963e-23
1.94842   5.26322e-23
1.95559   2.79385e-23
1.96275   1.47926e-23
1.96991   7.8123e-24
1.97708   4.11546e-24
1.98424   2.16256e-24
1.9914   1.13354e-24
1.99857   5.92693e-25
2.00573   3.09142e-25
2.01289   1.60852e-25
2.02006   8.34912e-26
2.02722   4.32326e-26
2.03438   2.23328e-26
2.04155   1.15092e-26
2.04871   5.91728e-27
2.05587   3.03517e-27
2.06304   1.55322e-27
2.0702   7.93009e-28
2.07736   4.0395e-28
2.08453   2.05299e-28
2.09169   1.04102e-28
2.09885   5.26693e-29
2.10602   2.65879e-29
2.11318   1.3392e-29
2.12034   6.73054e-30
2.12751   3.37521e-30
2.13467   1.68891e-30
2.14183   8.43281e-31
2.149   4.2015e-31
2.15616   2.08886e-31
2.16332   1.03631e-31
2.17049   5.13048e-32
2.17765   2.53463e-32
2.18481   1.24959e-32
2.19198   6.14781e-33
2.19914   3.01843e-33
2.2063   1.47895e-33
2.21347   7.2318e-34
2.22063   3.52909e-34
2.22779   1.71873e-34
2.23496   8.35386e-35
2.24212   4.05235e-35
2.24928   1.96188e-35
2.25645   9.47956e-36
2.26361   4.57151e-36
2.27077   2.20035e-36
2.27794   1.05704e-36
2.2851   5.06829e-37
2.29226   2.42554e-37
2.29943   1.15861e-37
2.30659   5.52395e-38
2.31375   2.62879e-38
2.32092   1.24869e-38
2.32808   5.9205e-39
2.33524   2.80198e-39
2.34241   1.32368e-39
2.34957   6.24189e-40
2.35673   2.93811e-40
2.3639   1.38053e-40
2.37106   6.47516e-41
2.37822   3.03172e-41
2.38539   1.41699e-41
2.39255   6.61126e-42
2.39971   3.07929e-42
2.40688   1.43175e-42
2.41404   6.64566e-43
2.4212   3.07943e-43
2.42837   1.42451e-43
2.43553   6.57853e-44
2.44269   3.03294e-44
2.44986   1.39597e-44
2.45702   6.4146e-45
2.46418   2.94271e-45
2.47135   1.34775e-45
2.47851   6.16396e-46
2.48567   2.80372e-46
2.49284   1.3574e-46
2.5   0
