0   1
0.0510204   1
0.102041   1
0.153061   0.999998
0.204082   0.999989
0.255102   0.999951
0.306122   0.999821
0.357143   0.999447
0.408163   0.998496
0.459184   0.996347
0.510204   0.991963
0.561224   0.98382
0.612245   0.969935
0.663265   0.948058
0.714286   0.916013
0.765306   0.872166
0.816327   0.815866
0.867347   0.747769
0.918367   0.669908
0.969388   0.585491
1.02041   0.49846
1.07143   0.412923
1.12245   0.332595
1.17347   0.260364
1.22449   0.198053
1.27551   0.146393
1.32653   0.105164
1.37755   0.073442
1.42857   0.0498777
1.47959   0.0329566
1.53061   0.0211961
1.58163   0.013276
1.63265   0.00810217
1.68367   0.00482051
1.73469   0.00279753
1.78571   0.00158445
1.83673   0.000876261
1.88776   0.000473444
1.93878   0.000250038
1.9898   0.00012914
2.04082   6.52602e-05
2.09184   3.22829e-05
2.14286   1.56399e-05
2.19388   7.42387e-06
2.2449   3.45419e-06
2.29592   1.57603e-06
2.34694   7.0545e-07
2.39796   3.09895e-07
2.44898   1.33204e-07
2.5   0
