0   1
0.0252525   1
0.0505051   1
0.0757576   0.999999
0.10101   0.999999
0.126263   0.999999
0.151515   0.999999
0.176768   0.999999
0.20202   0.999998
0.227273   0.999998
0.252525   0.999998
0.277778   0.999998
0.30303   0.999997
0.328283   0.999995
0.353535   0.999991
0.378788   0.999983
0.40404   0.999965
0.429293   0.999927
0.454545   0.999851
0.479798   0.999704
0.505051   0.999433
0.530303   0.998951
0.555556   0.998128
0.580808   0.996774
0.606061   0.994626
0.631313   0.991332
0.656566   0.986451
0.681818   0.979449
0.707071   0.969717
0.732323   0.956597
0.757576   0.939426
0.782828   0.91759
0.808081   0.890588
0.833333   0.858089
0.858586   0.819993
0.883838   0.776467
0.909091   0.727963
0.934343   0.67521
0.959596   0.619179
0.984848   0.561023
1.0101   0.502007
1.03535   0.443419
1.06061   0.38649
1.08586   0.332321
1.11111   0.281821
1.13636   0.235674
1.16162   0.194322
1.18687   0.157968
1.21212   0.126603
1.23737   0.100032
1.26263   0.0779228
1.28788   0.0598475
1.31313   0.0453223
1.33838   0.0338454
1.36364   0.024926
1.38889   0.0181059
1.41414   0.0129734
1.43939   0.00917093
1.46465   0.00639669
1.4899   0.00440292
1.51515   0.00299112
1.5404   0.00200585
1.56566   0.00132801
1.59091   0.00086817
1.61616   0.000560501
1.64141   0.000357423
1.66667   0.000225159
1.69192   0.000140139
1.71717   8.6191e-05
1.74242   5.23913e-05
1.76768   3.14786e-05
1.79293   1.8698e-05
1.81818   1.09814e-05
1.84343   6.37777e-06
1.86869   3.66342e-06
1.89394   2.08149e-06
1.91919   1.17e-06
1.94444   6.50705e-07
1.9697   3.58117e-07
1.99495   1.95058e-07
2.0202   1.05161e-07
2.04545   5.61253e-08
2.07071   2.96567e-08
2.09596   1.55168e-08
2.12121   8.03983e-09
2.14646   4.12581e-09
2.17172   2.0972e-09
2.19697   1.05605e-09
2.22222   5.26861e-10
2.24747   2.60447e-10
2.27273   1.27585e-10
2.29798   6.19418e-11
2.32323   2.98069e-11
2.34848   1.42181e-11
2.37374   6.72363e-12
2.39899   3.15242e-12
2.42424   1.46556e-12
2.44949   6.75612e-13
2.47475   3.06519e-13
2.5   0
