0   1
0.0100402   1
0.0200803   1
0.0301205   1
0.0401606   1
0.0502008   1
0.060241   0.999999
0.0702811   0.999999
0.0803213   0.999999
0.0903614   0.999999
0.100402   0.999999
0.110442   0.999998
0.120482   0.999998
0.130522   0.999998
0.140562   0.999998
0.150602   0.999998
0.160643   0.999998
0.170683   0.999997
0.180723   0.999997
0.190763   0.999997
0.200803   0.999997
0.210843   0.999997
0.220884   0.999996
0.230924   0.999996
0.240964   0.999996
0.251004   0.999996
0.261044   0.999996
0.271084   0.999995
0.281124   0.999995
0.291165   0.999995
0.301205   0.999995
0.311245   0.999995
0.321285   0.999995
0.331325   0.999994
0.341365   0.999994
0.351406   0.999994
0.361446   0.999994
0.371486   0.999994
0.381526   0.999993
0.391566   0.999993
0.401606   0.999993
0.411647   0.999993
0.421687   0.999993
0.431727   0.999993
0.441767   0.999992
0.451807   0.999992
0.461847   0.999992
0.471888   0.999991
0.481928   0.999991
0.491968   0.99999
0.502008   0.99999
0.512048   0.999988
0.522088   0.999986
0.532129   0.999984
0.542169   0.999979
0.552209   0.999973
0.562249   0.999964
0.572289   0.99995
0.582329   0.999929
0.592369   0.9999
0.60241   0.999857
0.61245   0.999797
0.62249   0.999713
0.63253   0.999595
0.64257   0.999434
0.65261   0.999213
0.662651   0.998917
0.672691   0.998521
0.682731   0.997998
0.692771   0.997314
0.702811   0.996428
0.712851   0.995292
0.722892   0.993849
0.732932   0.992034
0.742972   0.989771
0.753012   0.986978
0.763052   0.98356
0.773092   0.979417
0.783133   0.974441
0.793173   0.968516
0.803213   0.961525
0.813253   0.953347
0.823293   0.943865
0.833333   0.932964
0.843373   0.920539
0.853414   0.906494
0.863454   0.890752
0.873494   0.873252
0.883534   0.853957
0.893574   0.832854
0.903614   0.809958
0.913655   0.785313
0.923695   0.758995
0.933735   0.731106
0.943775   0.701782
0.953815   0.671182
0.963855   0.639492
0.973896   0.606919
0.983936   0.573685
0.993976   0.540026
1.00402   0.506183
1.01406   0.4724
1.0241   0.438919
1.03414   0.405969
1.04418   0.373771
1.05422   0.342524
1.06426   0.312409
1.0743   0.283583
1.08434   0.256177
1.09438   0.230294
1.10442   0.206013
1.11446   0.183383
1.1245   0.16243
1.13454   0.143155
1.14458   0.125537
1.15462   0.109535
1.16466   0.095093
1.1747   0.0821396
1.18474   0.0705933
1.19478   0.0603643
1.20482   0.0513575
1.21486   0.0434745
1.2249   0.0366163
1.23494   0.0306851
1.24498   0.0255857
1.25502   0.021227
1.26506   0.0175229
1.2751   0.0143931
1.28514   0.0117637
1.29518   0.009567
1.30522   0.00774216
1.31526   0.00623461
1.3253   0.00499604
1.33534   0.00398401
1.34538   0.00316156
1.35542   0.00249677
1.36546   0.00196227
1.3755   0.00153482
1.38554   0.00119475
1.39558   0.000925626
1.40562   0.000713736
1.41566   0.000547767
1.4257   0.000418427
1.43574   0.000318141
1.44578   0.000240773
1.45582   0.000181382
1.46586   0.000136016
1.4759   0.000101532
1.48594   7.54486e-05
1.49598   5.58136e-05
1.50602   4.11037e-05
1.51606   3.01361e-05
1.5261   2.19972e-05
1.53614   1.59858e-05
1.54618   1.15664e-05
1.55622   8.3324e-06
1.56627   5.9767e-06
1.57631   4.26857e-06
1.58635   3.03561e-06
1.59639   2.14961e-06
1.60643   1.51579e-06
1.61647   1.06436e-06
1.62651   7.44263e-07
1.63655   5.18273e-07
1.64659   3.59415e-07
1.65663   2.48228e-07
1.66667   1.70739e-07
1.67671   1.16964e-07
1.68675   7.98036e-08
1.69679   5.42313e-08
1.70683   3.67068e-08
1.71687   2.47471e-08
1.72691   1.66184e-08
1.73695   1.11162e-08
1.74699   7.40684e-09
1.75703   4.9162e-09
1.76707   3.25055e-09
1.77711   2.14103e-09
1.78715   1.40488e-09
1.79719   9.18369e-10
1.80723   5.98086e-10
1.81727   3.88051e-10
1.82731   2.50843e-10
1.83735   1.61553e-10
1.84739   1.03665e-10
1.85743   6.62781e-11
1.86747   4.22214e-11
1.87751   2.67998e-11
1.88755   1.69502e-11
1.89759   1.06824e-11
1.90763   6.70855e-12
1.91767   4.19816e-12
1.92771   2.618e-12
1.93775   1.62694e-12
1.94779   1.00755e-12
1.95783   6.21832e-13
1.96787   3.82466e-13
1.97791   2.34442e-13
1.98795   1.43223e-13
1.99799   8.72024e-14
2.00803   5.29168e-14
2.01807   3.20048e-14
2.02811   1.92932e-14
2.03815   1.15922e-14
2.04819   6.94235e-15
2.05823   4.14418e-15
2.06827   2.46586e-15
2.07831   1.46252e-15
2.08835   8.64668e-16
2.09839   5.09586e-16
2.10843   2.99374e-16
2.11847   1.75326e-16
2.12851   1.02358e-16
2.13855   5.95732e-17
2.14859   3.4565e-17
2.15863   1.99935e-17
2.16867   1.15296e-17
2.17871   6.62855e-18
2.18876   3.79937e-18
2.1988   2.1712e-18
2.20884   1.23705e-18
2.21888   7.02727e-19
2.22892   3.98016e-19
2.23896   2.2477e-19
2.249   1.26562e-19
2.25904   7.10569e-20
2.26908   3.97788e-20
2.27912   2.22048e-20
2.28916   1.23594e-20
2.2992   6.85983e-21
2.30924   3.79663e-21
2.31928   2.09536e-21
2.32932   1.15319e-21
2.33936   6.32895e-22
2.3494   3.46384e-22
2.35944   1.89054e-22
2.36948   1.02901e-22
2.37952   5.5856e-23
2.38956   3.0237e-23
2.3996   1.63242e-23
2.40964   8.78941e-24
2.41968   4.71981e-24
2.42972   2.52774e-24
2.43976   1.35018e-24
2.4498   7.19292e-25
2.45984   3.82191e-25
2.46988   2.02543e-25
2.47992   1.06996e-25
2.48996   5.50356e-26
2.5   0
