0   1
0.0125628   1
0.0251256   1
0.0376884   1
0.0502513   1
0.0628141   1
0.0753769   1
0.0879397   1
0.100503   1
0.113065   0.999999
0.125628   0.999999
0.138191   0.999999
0.150754   0.999999
0.163317   0.999999
0.175879   0.999999
0.188442   0.999999
0.201005   0.999999
0.213568   0.999999
0.226131   0.999999
0.238693   0.999999
0.251256   0.999999
0.263819   0.999999
0.276382   0.999999
0.288945   0.999999
0.301508   0.999999
0.31407   0.999999
0.326633   0.999999
0.339196   0.999999
0.351759   0.999999
0.364322   0.999999
0.376884   0.999999
0.389447   0.999998
0.40201   0.999998
0.414573   0.999998
0.427136   0.999998
0.439698   0.999998
0.452261   0.999997
0.464824   0.999997
0.477387   0.999995
0.48995   0.999993
0.502513   0.999989
0.515075   0.999983
0.527638   0.999973
0.540201   0.999956
0.552764   0.999931
0.565327   0.999892
0.577889   0.999833
0.590452   0.999745
0.603015   0.999615
0.615578   0.999426
0.628141   0.999155
0.640704   0.998772
0.653266   0.99824
0.665829   0.997508
0.678392   0.996517
0.690955   0.995193
0.703518   0.993446
0.71608   0.991172
0.728643   0.988248
0.741206   0.984538
0.753769   0.979887
0.766332   0.974129
0.778894   0.967087
0.791457   0.958578
0.80402   0.948416
0.816583   0.936423
0.829146   0.92243
0.841709   0.906288
0.854271   0.887878
0.866834   0.86711
0.879397   0.843941
0.89196   0.818369
0.904523   0.790447
0.917085   0.760278
0.929648   0.728019
0.942211   0.693881
0.954774   0.658119
0.967337   0.62103
0.979899   0.582946
0.992462   0.544222
1.00503   0.505228
1.01759   0.466336
1.03015   0.427911
1.04271   0.390302
1.05528   0.353831
1.06784   0.318786
1.0804   0.285414
1.09296   0.253918
1.10553   0.224455
1.11809   0.197133
1.13065   0.172015
1.14322   0.149121
1.15578   0.128428
1.16834   0.109882
1.1809   0.0933959
1.19347   0.0788615
1.20603   0.0661509
1.21859   0.055124
1.23116   0.0456335
1.24372   0.0375292
1.25628   0.0306621
1.26884   0.0248881
1.28141   0.0200699
1.29397   0.0160795
1.30653   0.0127993
1.3191   0.0101227
1.33166   0.00795454
1.34422   0.00621094
1.35678   0.00481876
1.36935   0.00371505
1.38191   0.00284616
1.39447   0.00216688
1.40704   0.00163948
1.4196   0.0012328
1.43216   0.000921312
1.44472   0.000684331
1.45729   0.000505228
1.46985   0.000370756
1.48241   0.000270449
1.49497   0.000196108
1.50754   0.000141363
1.5201   0.000101304
1.53266   7.21738e-05
1.54523   5.1123e-05
1.55779   3.60041e-05
1.57035   2.52119e-05
1.58291   1.75547e-05
1.59548   1.21544e-05
1.60804   8.36841e-06
1.6206   5.72978e-06
1.63317   3.90155e-06
1.64573   2.64214e-06
1.65829   1.77956e-06
1.67085   1.19213e-06
1.68342   7.94335e-07
1.69598   5.26469e-07
1.70854   3.47093e-07
1.72111   2.27635e-07
1.73367   1.48515e-07
1.74623   9.63945e-08
1.75879   6.2245e-08
1.77136   3.99891e-08
1.78392   2.55611e-08
1.79648   1.62568e-08
1.80905   1.02878e-08
1.82161   6.47822e-09
1.83417   4.05931e-09
1.84673   2.53121e-09
1.8593   1.57071e-09
1.87186   9.69998e-10
1.88442   5.96169e-10
1.89698   3.64674e-10
1.90955   2.2202e-10
1.92211   1.34538e-10
1.93467   8.1148e-11
1.94724   4.87198e-11
1.9598   2.91167e-11
1.97236   1.73221e-11
1.98492   1.02587e-11
1.99749   6.04834e-12
2.01005   3.55011e-12
2.02261   2.07455e-12
2.03518   1.20696e-12
2.04774   6.99146e-13
2.0603   4.03233e-13
2.07286   2.31564e-13
2.08543   1.32412e-13
2.09799   7.53941e-14
2.11055   4.27477e-14
2.12312   2.4136e-14
2.13568   1.35709e-14
2.14824   7.59892e-15
2.1608   4.23751e-15
2.17337   2.35339e-15
2.18593   1.30171e-15
2.19849   7.1711e-16
2.21106   3.93474e-16
2.22362   2.1504e-16
2.23618   1.17059e-16
2.24874   6.34721e-17
2.26131   3.42821e-17
2.27387   1.84445e-17
2.28643   9.88541e-18
2.29899   5.27788e-18
2.31156   2.80719e-18
2.32412   1.48745e-18
2.33668   7.85207e-19
2.34925   4.12956e-19
2.36181   2.16378e-19
2.37437   1.12959e-19
2.38693   5.87543e-20
2.3995   3.04493e-20
2.41206   1.57233e-20
2.42462   8.09003e-21
2.43719   4.14768e-21
2.44975   2.11893e-21
2.46231   1.07869e-21
2.47487   5.47021e-22
2.48744   2.71471e-22
2.5   0
