0   1
0.00716332   1
0.0143266   1
0.02149   1
0.0286533   1
0.0358166   1
0.0429799   1
0.0501433   1
0.0573066   1
0.0644699   1
0.0716332   1
0.0787966   1
0.0859599   1
0.0931232   1
0.100287   1
0.10745   1
0.114613   1
0.121777   1
0.12894   1
0.136103   1
0.143266   1
0.15043   1
0.157593   1
0.164756   1
0.17192   1
0.179083   1
0.186246   1
0.19341   1
0.200573   1
0.207736   1
0.2149   1.00001
0.222063   1.00001
0.229226   1.00001
0.23639   1.00001
0.243553   1.00001
0.250716   1.00001
0.25788   1.00001
0.265043   1.00001
0.272206   1.00001
0.27937   1.00001
0.286533   1.00001
0.293696   1.00001
0.30086   1.00001
0.308023   1.00001
0.315186   1.00001
0.32235   1.00001
0.329513   1.00001
0.336676   1.00001
0.34384   1.00001
0.351003   1.00001
0.358166   1.00001
0.36533   1.00001
0.372493   1.00001
0.379656   1.00001
0.386819   1.00001
0.393983   1.00001
0.401146   1.00001
0.408309   1.00001
0.415473   1.00001
0.422636   1.00001
0.429799   1.00001
0.436963   1.00001
0.444126   1.00001
0.451289   1.00001
0.458453   1.00001
0.465616   1.00001
0.472779   1.00001
0.479943   1.00001
0.487106   1.00001
0.494269   1.00001
0.501433   1.00001
0.508596   1.00001
0.515759   1.00001
0.522923   1.00001
0.530086   1.00001
0.537249   1.00001
0.544413   1.00001
0.551576   1.00001
0.558739   1.00001
0.565903   1.00001
0.573066   1.00001
0.580229   1.00001
0.587393   1
0.594556   0.999999
0.601719   0.999992
0.608883   0.999984
0.616046   0.999972
0.623209   0.999956
0.630372   0.999935
0.637536   0.999906
0.644699   0.999868
0.651862   0.999819
0.659026   0.999753
0.666189   0.999668
0.673352   0.999559
0.680516   0.999419
0.687679   0.99924
0.694842   0.999013
0.702006   0.998728
0.709169   0.998371
0.716332   0.997928
0.723496   0.997381
0.730659   0.996709
0.737822   0.995889
0.744986   0.994894
0.752149   0.993695
0.759312   0.992257
0.766476   0.990544
0.773639   0.988514
0.780802   0.986123
0.787966   0.983322
0.795129   0.980061
0.802292   0.976284
0.809456   0.971935
0.816619   0.966954
0.823782   0.961282
0.830946   0.954857
0.838109   0.94762
0.845272   0.939512
0.852436   0.930476
0.859599   0.92046
0.866762   0.909417
0.873926   0.897304
0.881089   0.884088
0.888252   0.869742
0.895415   0.85425
0.902579   0.837605
0.909742   0.819814
0.916905   0.800891
0.924069   0.780867
0.931232   0.759781
0.938395   0.737688
0.945559   0.714652
0.952722   0.690749
0.959885   0.666068
0.967049   0.640705
0.974212   0.614765
0.981375   0.58836
0.988539   0.56161
0.995702   0.534636
1.00287   0.507561
1.01003   0.480512
1.01719   0.453611
1.02436   0.42698
1.03152   0.400735
1.03868   0.374987
1.04585   0.349838
1.05301   0.325384
1.06017   0.30171
1.06734   0.278891
1.0745   0.256993
1.08166   0.236068
1.08883   0.216159
1.09599   0.197298
1.10315   0.179505
1.11032   0.16279
1.11748   0.147154
1.12464   0.132587
1.13181   0.119073
1.13897   0.106587
1.14613   0.0950979
1.1533   0.0845686
1.16046   0.0749579
1.16762   0.0662209
1.17479   0.0583096
1.18195   0.0511744
1.18911   0.0447643
1.19628   0.0390282
1.20344   0.0339151
1.2106   0.0293749
1.21777   0.0253589
1.22493   0.0218201
1.23209   0.0187136
1.23926   0.0159968
1.24642   0.0136298
1.25358   0.0115751
1.26074   0.00979822
1.26791   0.00826715
1.27507   0.00695274
1.28223   0.00582842
1.2894   0.00487016
1.29656   0.00405638
1.30372   0.00336775
1.31089   0.00278709
1.31805   0.00229921
1.32521   0.00189071
1.33238   0.00154986
1.33954   0.00126646
1.3467   0.00103162
1.35387   0.000837702
1.36103   0.000678111
1.36819   0.000547216
1.37536   0.00044022
1.38252   0.000353052
1.38968   0.000282274
1.39685   0.000224993
1.40401   0.00017879
1.41117   0.000141643
1.41834   0.000111874
1.4255   8.80952e-05
1.43266   6.91624e-05
1.43983   5.41362e-05
1.44699   4.22484e-05
1.45415   3.28734e-05
1.46132   2.55031e-05
1.46848   1.97271e-05
1.47564   1.52146e-05
1.48281   1.17001e-05
1.48997   8.97136e-06
1.49713   6.85912e-06
1.5043   5.22911e-06
1.51146   3.97503e-06
1.51862   3.0131e-06
1.52579   2.27746e-06
1.53295   1.71656e-06
1.54011   1.29016e-06
1.54728   9.66957e-07
1.55444   7.22701e-07
1.5616   5.38645e-07
1.56877   4.00353e-07
1.57593   2.96747e-07
1.58309   2.19351e-07
1.59026   1.61698e-07
1.59742   1.18874e-07
1.60458   8.71559e-08
1.61175   6.37286e-08
1.61891   4.64737e-08
1.62607   3.38002e-08
1.63324   2.45175e-08
1.6404   1.77372e-08
1.64756   1.27982e-08
1.65473   9.21027e-09
1.66189   6.61093e-09
1.66905   4.73286e-09
1.67622   3.37956e-09
1.68338   2.40701e-09
1.69054   1.70995e-09
1.69771   1.21165e-09
1.70487   8.56388e-10
1.71203   6.03759e-10
1.7192   4.24584e-10
1.72636   2.97834e-10
1.73352   2.08401e-10
1.74069   1.45461e-10
1.74785   1.01279e-10
1.75501   7.03436e-11
1.76218   4.87375e-11
1.76934   3.36855e-11
1.7765   2.32256e-11
1.78367   1.5975e-11
1.79083   1.09615e-11
1.79799   7.50337e-12
1.80516   5.12397e-12
1.81232   3.49081e-12
1.81948   2.37257e-12
1.82665   1.60875e-12
1.83381   1.08828e-12
1.84097   7.34476e-13
1.84814   4.94546e-13
1.8553   3.32224e-13
1.86246   2.22667e-13
1.86963   1.48897e-13
1.87679   9.93396e-14
1.88395   6.61261e-14
1.89112   4.39179e-14
1.89828   2.91026e-14
1.90544   1.92419e-14
1.91261   1.26939e-14
1.91977   8.35555e-15
1.92693   5.48775e-15
1.9341   3.59631e-15
1.94126   2.35162e-15
1.94842   1.53436e-15
1.95559   9.98953e-16
1.96275   6.48964e-16
1.96991   4.20688e-16
1.97708   2.72125e-16
1.98424   1.75649e-16
1.9914   1.13136e-16
1.99857   7.27168e-17
2.00573   4.66393e-17
2.01289   2.98509e-17
2.02006   1.90657e-17
2.02722   1.21519e-17
2.03438   7.72922e-18
2.04155   4.90602e-18
2.04871   3.10763e-18
2.05587   1.96445e-18
2.06304   1.23927e-18
2.0702   7.80204e-19
2.07736   4.90199e-19
2.08453   3.07371e-19
2.09169   1.92345e-19
2.09885   1.20125e-19
2.10602   7.48725e-20
2.11318   4.65747e-20
2.12034   2.89149e-20
2.12751   1.7916e-20
2.13467   1.10792e-20
2.14183   6.83807e-21
2.149   4.21226e-21
2.15616   2.58975e-21
2.16332   1.58915e-21
2.17049   9.73284e-22
2.17765   5.94957e-22
2.18481   3.63e-22
2.19198   2.21058e-22
2.19914   1.34365e-22
2.2063   8.1518e-23
2.21347   4.93637e-23
2.22063   2.98369e-23
2.22779   1.80009e-23
2.23496   1.08401e-23
2.24212   6.51587e-24
2.24928   3.90946e-24
2.25645   2.34136e-24
2.26361   1.39969e-24
2.27077   8.35234e-25
2.27794   4.97511e-25
2.2851   2.95813e-25
2.29226   1.75572e-25
2.29943   1.0402e-25
2.30659   6.15194e-26
2.31375   3.63194e-26
2.32092   2.14043e-26
2.32808   1.25922e-26
2.33524   7.39509e-27
2.34241   4.33541e-27
2.34957   2.53726e-27
2.35673   1.48235e-27
2.3639   8.64547e-28
2.37106   5.03365e-28
2.37822   2.92575e-28
2.38539   1.69767e-28
2.39255   9.83411e-29
2.39971   5.68701e-29
2.40688   3.28325e-29
2.41404   1.89233e-29
2.4212   1.08885e-29
2.42837   6.25483e-30
2.43553   3.58712e-30
2.44269   2.05381e-30
2.44986   1.17399e-30
2.45702   6.6997e-31
2.46418   3.81716e-31
2.47135   2.1713e-31
2.47851   1.23303e-31
2.48567   6.98096e-32
2.49284   3.80324e-32
2.5   0
