0	0	0.185903
0.02	0	-0.0405006
0.04	0	-0.0345235
0.06	0	-0.225711
0.08	0	-0.268752
0.1	0	-0.317822
0.12	0	-0.322192
0.14	0	-0.30448
0.16	0	-0.261406
0.18	0	-0.196642
0.2	0	-0.108672
0.22	0	0.00483244
0.24	0	0.147425
0.26	0	0.322384
0.28	0	0.531956
0.3	0	0.776572
0.32	0	1.05427
0.34	0	1.36016
0.36	0	1.68613
0.38	0	2.02058
0.4	0	2.34866
0.42	0	2.65275
0.44	0	2.91335
0.46	0	3.11039
0.48	0	3.22489
0.5	0	3.24077
0.52	0	3.14677
0.54	0	2.93831
0.56	0	2.61876
0.58	0	2.20026
0.6	0	1.70348
0.62	0	1.15637
0.64	0	0.591816
0.66	0	0.0444938
0.68	0	-0.452813
0.7	0	-0.872729
0.72	0	-1.1961
0.74	0	-1.41361
0.76	0	-1.52591
0.78	0	-1.54235
0.8	0	-1.47861
0.82	0	-1.35397
0.84	0	-1.18797
0.86	0	-0.999431
0.88	0	-0.800722
0.9	0	-0.609395
0.92	0	-0.412167
0.94	0	-0.269682
0.96	0	-0.0184593
0.98	0	-0.022089
1	0	0.196109

0	0.02	-0.0357289
0.02	0.02	0.0747727
0.04	0.02	0.0431296
0.06	0.02	-0.0149836
0.08	0.02	-0.0464918
0.1	0.02	-0.0544295
0.12	0.02	-0.0391829
0.14	0.02	0.00161894
0.16	0.02	0.0669884
0.18	0.02	0.157809
0.2	0.02	0.274373
0.22	0.02	0.417486
0.24	0.02	0.587486
0.26	0.02	0.783885
0.28	0.02	1.00469
0.3	0.02	1.24597
0.32	0.02	1.50163
0.34	0.02	1.76344
0.36	0.02	2.02136
0.38	0.02	2.26412
0.4	0.02	2.48
0.42	0.02	2.65774
0.44	0.02	2.78738
0.46	0.02	2.86102
0.48	0.02	2.87346
0.5	0.02	2.82242
0.52	0.02	2.7087
0.54	0.02	2.53591
0.56	0.02	2.31025
0.58	0.02	2.03998
0.6	0.02	1.73503
0.62	0.02	1.40657
0.64	0.02	1.06662
0.66	0.02	0.727756
0.68	0.02	0.402651
0.7	0.02	0.103567
0.72	0.02	-0.15836
0.74	0.02	-0.373968
0.76	0.02	-0.536932
0.78	0.02	-0.644433
0.8	0.02	-0.697477
0.82	0.02	-0.700583
0.84	0.02	-0.661224
0.86	0.02	-0.588281
0.88	0.02	-0.491836
0.9	0.02	-0.380282
0.92	0.02	-0.262597
0.94	0.02	-0.145882
0.96	0.02	-0.0223682
0.98	0.02	0.0456283
1	0.02	-0.0111372

0	0.04	-0.0372526
0.02	0.04	0.0571291
0.04	0.04	0.0517985
0.06	0.04	0.0745099
0.08	0.04	0.0950958
0.1	0.04	0.128171
0.12	0.04	0.176964
0.14	0.04	0.247239
0.16	0.04	0.34226
0.18	0.04	0.464019
0.2	0.04	0.612485
0.22	0.04	0.785949
0.24	0.04	0.981025
0.26	0.04	1.1927
0.28	0.04	1.41431
0.3	0.04	1.63763
0.32	0.04	1.85341
0.34	0.04	2.05216
0.36	0.04	2.22513
0.38	0.04	2.36531
0.4	0.04	2.46816
0.42	0.04	2.53191
0.44	0.04	2.55749
0.46	0.04	2.54803
0.48	0.04	2.50809
0.5	0.04	2.44283
0.52	0.04	2.35715
0.54	0.04	2.25508
0.56	0.04	2.13939
0.58	0.04	2.01146
0.6	0.04	1.87149
0.62	0.04	1.71887
0.64	0.04	1.55281
0.66	0.04	1.37303
0.68	0.04	1.1804
0.7	0.04	0.977588
0.72	0.04	0.769324
0.74	0.04	0.562387
0.76	0.04	0.365107
0.78	0.04	0.18645
0.8	0.04	0.0347784
0.82	0.04	-0.0833996
0.84	0.04	-0.164496
0.86	0.04	-0.208284
0.88	0.04	-0.218165
0.9	0.04	-0.200142
0.92	0.04	-0.1635
0.94	0.04	-0.115652
0.96	0.04	-0.0725288
0.98	0.04	-0.00617053
1	0.04	-0.01516

0	0.06	-0.230532
0.02	0.06	0.00183649
0.04	0.06	0.0831448
0.06	0.06	0.162775
0.08	0.06	0.232361
0.1	0.06	0.303924
0.12	0.06	0.385539
0.14	0.06	0.48541
0.16	0.06	0.609069
0.18	0.06	0.758542
0.2	0.06	0.932
0.22	0.06	1.12425
0.24	0.06	1.3276
0.26	0.06	1.53273
0.28	0.06	1.72957
0.3	0.06	1.90832
0.32	0.06	2.06064
0.34	0.06	2.18077
0.36	0.06	2.2664
0.38	0.06	2.31878
0.4	0.06	2.34223
0.42	0.06	2.34321
0.44	0.06	2.32899
0.46	0.06	2.30649
0.48	0.06	2.28134
0.5	0.06	2.25724
0.52	0.06	2.23576
0.54	0.06	2.21635
0.56	0.06	2.19659
0.58	0.06	2.1726
0.6	0.06	2.13946
0.62	0.06	2.09185
0.64	0.06	2.02457
0.66	0.06	1.93325
0.68	0.06	1.81495
0.7	0.06	1.66873
0.72	0.06	1.49616
0.74	0.06	1.30147
0.76	0.06	1.09165
0.78	0.06	0.875969
0.8	0.06	0.665231
0.82	0.06	0.470508
0.84	0.06	0.301623
0.86	0.06	0.165587
0.88	0.06	0.0652527
0.9	0.06	-0.00143514
0.92	0.06	-0.041785
0.94	0.06	-0.066276
0.96	0.06	-0.0904943
0.98	0.06	-0.11272
1	0.06	-0.267571

0	0.08	-0.286142
0.02	0.08	-0.0214615
0.04	0.08	0.12271
0.06	0.08	0.254438
0.08	0.08	0.366555
0.1	0.08	0.473265
0.12	0.08	0.585313
0.14	0.08	0.71272
0.16	0.08	0.861345
0.18	0.08	1.03153
0.2	0.08	1.21801
0.22	0.08	1.41132
0.24	0.08	1.59984
0.26	0.08	1.77181
0.28	0.08	1.91722
0.3	0.08	2.02924
0.32	0.08	2.10531
0.34	0.08	2.14746
0.36	0.08	2.16158
0.38	0.08	2.15612
0.4	0.08	2.1404
0.42	0.08	2.12308
0.44	0.08	2.11111
0.46	0.08	2.10924
0.48	0.08	2.11995
0.5	0.08	2.14361
0.52	0.08	2.1788
0.54	0.08	2.2225
0.56	0.08	2.27028
0.58	0.08	2.31643
0.6	0.08	2.35421
0.62	0.08	2.37619
0.64	0.08	2.3749
0.66	0.08	2.34351
0.68	0.08	2.27674
0.7	0.08	2.17159
0.72	0.08	2.02786
0.74	0.08	1.84843
0.76	0.08	1.63913
0.78	0.08	1.40848
0.8	0.08	1.16711
0.82	0.08	0.926993
0.84	0.08	0.700233
0.86	0.08	0.497454
0.88	0.08	0.325825
0.9	0.08	0.187195
0.92	0.08	0.0765695
0.94	0.08	-0.0169836
0.96	0.08	-0.112326
0.98	0.08	-0.213482
1	0.08	-0.41715

0	0.1	-0.337574
0.02	0.1	-0.0123326
0.04	0.1	0.185479
0.06	0.1	0.358477
0.08	0.1	0.505275
0.1	0.1	0.641389
0.12	0.1	0.77916
0.14	0.1	0.928768
0.16	0.1	1.09438
0.18	0.1	1.27281
0.2	0.1	1.45442
0.22	0.1	1.62604
0.24	0.1	1.77444
0.26	0.1	1.88925
0.28	0.1	1.96498
0.3	0.1	2.00175
0.32	0.1	2.0049
0.34	0.1	1.98345
0.36	0.1	1.94798
0.38	0.1	1.9087
0.4	0.1	1.8741
0.42	0.1	1.85046
0.44	0.1	1.84198
0.46	0.1	1.85123
0.48	0.1	1.87952
0.5	0.1	1.92714
0.52	0.1	1.99331
0.54	0.1	2.07591
0.56	0.1	2.17117
0.58	0.1	2.27333
0.6	0.1	2.37455
0.62	0.1	2.46509
0.64	0.1	2.53397
0.66	0.1	2.57017
0.68	0.1	2.56403
0.7	0.1	2.50885
0.72	0.1	2.402
0.74	0.1	2.24541
0.76	0.1	2.04522
0.78	0.1	1.81087
0.8	0.1	1.55399
0.82	0.1	1.28733
0.84	0.1	1.0238
0.86	0.1	0.77529
0.88	0.1	0.550968
0.9	0.1	0.35508
0.92	0.1	0.184641
0.94	0.1	0.0291804
0.96	0.1	-0.130888
0.98	0.1	-0.305318
1	0.1	-0.588642

0	0.12	-0.323224
0.02	0.12	0.0363721
0.04	0.12	0.273214
0.06	0.12	0.475661
0.08	0.12	0.64799
0.1	0.12	0.806462
0.12	0.12	0.963229
0.14	0.12	1.12654
0.16	0.12	1.29693
0.18	0.12	1.4666
0.2	0.12	1.62211
0.22	0.12	1.74902
0.24	0.12	1.83628
0.26	0.12	1.87895
0.28	0.12	1.87886
0.3	0.12	1.84342
0.32	0.12	1.7833
0.34	0.12	1.70983
0.36	0.12	1.63305
0.38	0.12	1.56086
0.4	0.12	1.49914
0.42	0.12	1.45239
0.44	0.12	1.4244
0.46	0.12	1.41856
0.48	0.12	1.438
0.5	0.12	1.48529
0.52	0.12	1.56203
0.54	0.12	1.66833
0.56	0.12	1.80219
0.58	0.12	1.95878
0.6	0.12	2.12997
0.62	0.12	2.30401
0.64	0.12	2.46595
0.66	0.12	2.59875
0.68	0.12	2.68541
0.7	0.12	2.71164
0.72	0.12	2.66862
0.74	0.12	2.55477
0.76	0.12	2.37608
0.78	0.12	2.14465
0.8	0.12	1.87614
0.82	0.12	1.58723
0.84	0.12	1.29355
0.86	0.12	1.00854
0.88	0.12	0.742226
0.9	0.12	0.499699
0.92	0.12	0.278901
0.94	0.12	0.069948
0.96	0.12	-0.146598
0.98	0.12	-0.382399
1	0.12	-0.716979

0	0.14	-0.245178
0.02	0.14	0.132155
0.04	0.14	0.386663
0.06	0.14	0.603371
0.08	0.14	0.790945
0.1	0.14	0.963677
0.12	0.14	1.13077
0.14	0.14	1.29632
0.16	0.14	1.45593
0.18	0.14	1.59758
0.2	0.14	1.70631
0.22	0.14	1.76999
0.24	0.14	1.78329
0.26	0.14	1.74857
0.28	0.14	1.67419
0.3	0.14	1.57155
0.32	0.14	1.45212
0.34	0.14	1.32565
0.36	0.14	1.19982
0.38	0.14	1.0808
0.4	0.14	0.974004
0.42	0.14	0.884714
0.44	0.14	0.818193
0.46	0.14	0.779612
0.48	0.14	0.773851
0.5	0.14	0.805279
0.52	0.14	0.877488
0.54	0.14	0.992909
0.56	0.14	1.15219
0.58	0.14	1.35332
0.6	0.14	1.5905
0.62	0.14	1.853
0.64	0.14	2.12444
0.66	0.14	2.38301
0.68	0.14	2.60317
0.7	0.14	2.75911
0.72	0.14	2.82952
0.74	0.14	2.80232
0.76	0.14	2.67766
0.78	0.14	2.46787
0.8	0.14	2.1941
0.82	0.14	1.88122
0.84	0.14	1.55277
0.86	0.14	1.22769
0.88	0.14	0.918804
0.9	0.14	0.632071
0.92	0.14	0.365591
0.94	0.14	0.109659
0.96	0.14	-0.154376
0.98	0.14	-0.437346
1	0.14	-0.812947

0	0.16	-0.0817002
0.02	0.16	0.278611
0.04	0.16	0.522864
0.06	0.16	0.736439
0.08	0.16	0.928364
0.1	0.16	1.10648
0.12	0.16	1.27355
0.14	0.16	1.42766
0.16	0.16	1.55949
0.18	0.16	1.65472
0.2	0.16	1.70015
0.22	0.16	1.68914
0.24	0.16	1.62346
0.26	0.16	1.5116
0.28	0.16	1.36524
0.3	0.16	1.1961
0.32	0.16	1.0142
0.34	0.16	0.82783
0.36	0.16	0.644194
0.38	0.16	0.47012
0.4	0.16	0.312244
0.42	0.16	0.176872
0.44	0.16	0.0697654
0.46	0.16	-0.00391612
0.48	0.16	-0.0394935
0.5	0.16	-0.0325374
0.52	0.16	0.0213199
0.54	0.16	0.126374
0.56	0.16	0.286481
0.58	0.16	0.504197
0.6	0.16	0.779313
0.62	0.16	1.10685
0.64	0.16	1.47482
0.66	0.16	1.8624
0.68	0.16	2.23961
0.7	0.16	2.5696
0.72	0.16	2.8141
0.74	0.16	2.94138
0.76	0.16	2.93426
0.78	0.16	2.7951
0.8	0.16	2.54511
0.82	0.16	2.218
0.84	0.16	1.85074
0.86	0.16	1.47516
0.88	0.16	1.11306
0.9	0.16	0.77481
0.92	0.16	0.459779
0.94	0.16	0.158279
0.96	0.16	-0.148048
0.98	0.16	-0.468776
1	0.16	-0.872502

0	0.18	0.178929
0.02	0.18	0.478456
0.04	0.18	0.677513
0.06	0.18	0.868894
0.08	0.18	1.05419
0.1	0.18	1.22827
0.12	0.18	1.38377
0.14	0.18	1.51193
0.16	0.18	1.59985
0.18	0.18	1.63383
0.2	0.18	1.60539
0.22	0.18	1.51474
0.24	0.18	1.36977
0.26	0.18	1.18238
0.28	0.18	0.965001
0.3	0.18	0.728776
0.32	0.18	0.48355
0.34	0.18	0.238452
0.36	0.18	0.0021952
0.38	0.18	-0.21719
0.4	0.18	-0.412858
0.42	0.18	-0.579465
0.44	0.18	-0.713097
0.46	0.18	-0.810852
0.48	0.18	-0.870221
0.5	0.18	-0.888415
0.52	0.18	-0.861779
0.54	0.18	-0.785398
0.56	0.18	-0.653025
0.58	0.18	-0.457519
0.6	0.18	-0.192037
0.62	0.18	0.147786
0.64	0.18	0.560595
0.66	0.18	1.03535
0.68	0.18	1.54767
0.7	0.18	2.05827
0.72	0.18	2.51572
0.74	0.18	2.8647
0.76	0.18	3.05872
0.78	0.18	3.07334
0.8	0.18	2.91388
0.82	0.18	2.61357
0.84	0.18	2.22245
0.86	0.18	1.79212
0.88	0.18	1.36307
0.9	0.18	0.958399
0.92	0.18	0.583562
0.94	0.18	0.230476
0.96	0.18	-0.119441
0.98	0.18	-0.475747
1	0.18	-0.906045

0	0.2	0.54689
0.02	0.2	0.730984
0.04	0.2	0.845298
0.06	0.2	0.995093
0.08	0.2	1.16313
0.1	0.2	1.32353
0.12	0.2	1.45556
0.14	0.2	1.54402
0.16	0.2	1.5748
0.18	0.2	1.53764
0.2	0.2	1.43044
0.22	0.2	1.25978
0.24	0.2	1.03766
0.26	0.2	0.777696
0.28	0.2	0.493003
0.3	0.2	0.195906
0.32	0.2	-0.101732
0.34	0.2	-0.388702
0.36	0.2	-0.655256
0.38	0.2	-0.893973
0.4	0.2	-1.10017
0.42	0.2	-1.27172
0.44	0.2	-1.40833
0.46	0.2	-1.5107
0.48	0.2	-1.57956
0.5	0.2	-1.61482
0.52	0.2	-1.6148
0.54	0.2	-1.57558
0.56	0.2	-1.49053
0.58	0.2	-1.35005
0.6	0.2	-1.14196
0.62	0.2	-0.852828
0.64	0.2	-0.470826
0.66	0.2	0.00953317
0.68	0.2	0.580992
0.7	0.2	1.21697
0.72	0.2	1.86779
0.74	0.2	2.46355
0.76	0.2	2.92635
0.78	0.2	3.19017
0.8	0.2	3.22148
0.82	0.2	3.0306
0.84	0.2	2.66715
0.86	0.2	2.20145
0.88	0.2	1.70126
0.9	0.2	1.21439
0.92	0.2	0.762223
0.94	0.2	0.343503
0.96	0.2	-0.0596786
0.98	0.2	-0.45908
1	0.2	-0.923239

0	0.22	1.02506
0.02	0.22	1.03323
0.04	0.22	1.02107
0.06	0.22	1.11054
0.08	0.22	1.25134
0.1	0.22	1.38857
0.12	0.22	1.48592
0.14	0.22	1.52314
0.16	0.22	1.48757
0.18	0.22	1.37438
0.2	0.22	1.18806
0.22	0.22	0.940315
0.24	0.22	0.646145
0.26	0.22	0.321195
0.28	0.22	-0.0190126
0.3	0.22	-0.359186
0.32	0.22	-0.684992
0.34	0.22	-0.984438
0.36	0.22	-1.24916
0.38	0.22	-1.47491
0.4	0.22	-1.66123
0.42	0.22	-1.8104
0.44	0.22	-1.92629
0.46	0.22	-2.01323
0.48	0.22	-2.07505
0.5	0.22	-2.11433
0.52	0.22	-2.13176
0.54	0.22	-2.12551
0.56	0.22	-2.09057
0.58	0.22	-2.01799
0.6	0.22	-1.89431
0.62	0.22	-1.70143
0.64	0.22	-1.41773
0.66	0.22	-1.02134
0.68	0.22	-0.496664
0.7	0.22	0.155985
0.72	0.22	0.909385
0.74	0.22	1.70194
0.76	0.22	2.44045
0.78	0.22	3.01795
0.8	0.22	3.34418
0.82	0.22	3.37653
0.84	0.22	3.13493
0.86	0.22	2.6916
0.88	0.22	2.14091
0.9	0.22	1.56624
0.92	0.22	1.01882
0.94	0.22	0.514493
0.96	0.22	0.040454
0.98	0.22	-0.418395
1	0.22	-0.932604

0	0.24	1.60886
0.02	0.24	1.37972
0.04	0.24	1.20043
0.06	0.24	1.21229
0.08	0.24	1.31666
0.1	0.24	1.42192
0.12	0.24	1.47501
0.14	0.24	1.45262
0.16	0.24	1.34577
0.18	0.24	1.15602
0.2	0.24	0.893936
0.22	0.24	0.575622
0.24	0.24	0.219421
0.26	0.24	-0.155557
0.28	0.24	-0.530088
0.3	0.24	-0.886119
0.32	0.24	-1.20879
0.34	0.24	-1.48823
0.36	0.24	-1.72021
0.38	0.24	-1.90561
0.4	0.24	-2.04897
0.42	0.24	-2.15692
0.44	0.24	-2.23672
0.46	0.24	-2.2952
0.48	0.24	-2.33809
0.5	0.24	-2.36965
0.52	0.24	-2.39229
0.54	0.24	-2.40634
0.56	0.24	-2.40939
0.58	0.24	-2.39551
0.6	0.24	-2.35403
0.62	0.24	-2.26815
0.64	0.24	-2.11391
0.66	0.24	-1.8606
0.68	0.24	-1.47417
0.7	0.24	-0.925621
0.72	0.24	-0.205121
0.74	0.24	0.660668
0.76	0.24	1.59552
0.78	0.24	2.47627
0.8	0.24	3.15939
0.82	0.24	3.52695
0.84	0.24	3.53088
0.86	0.24	3.20961
0.88	0.24	2.66595
0.9	0.24	2.02067
0.92	0.24	1.36861
0.94	0.24	0.757724
0.96	0.24	0.189908
0.98	0.24	-0.351297
1	0.24	-0.937278

0	0.26	2.28521
0.02	0.26	1.76324
0.04	0.26	1.38025
0.06	0.26	1.29907
0.08	0.26	1.3587
0.1	0.26	1.42437
0.12	0.26	1.42594
0.14	0.26	1.33908
0.16	0.26	1.15999
0.18	0.26	0.89686
0.2	0.26	0.565955
0.22	0.26	0.187954
0.24	0.26	-0.214417
0.26	0.26	-0.617735
0.28	0.26	-0.999699
0.3	0.26	-1.34185
0.32	0.26	-1.63205
0.34	0.26	-1.86546
0.36	0.26	-2.04389
0.38	0.26	-2.17387
0.4	0.26	-2.26448
0.42	0.26	-2.32541
0.44	0.26	-2.36567
0.46	0.26	-2.39291
0.48	0.26	-2.41316
0.5	0.26	-2.43089
0.52	0.26	-2.44916
0.54	0.26	-2.46959
0.56	0.26	-2.4922
0.58	0.26	-2.51468
0.6	0.26	-2.53127
0.62	0.26	-2.53081
0.64	0.26	-2.49431
0.66	0.26	-2.39257
0.68	0.26	-2.18519
0.7	0.26	-1.82379
0.72	0.26	-1.26267
0.74	0.26	-0.478855
0.76	0.26	0.501409
0.78	0.26	1.5819
0.8	0.26	2.5999
0.82	0.26	3.367
0.84	0.26	3.73747
0.86	0.26	3.66787
0.88	0.26	3.22911
0.9	0.26	2.56326
0.92	0.26	1.8155
0.94	0.26	1.08291
0.96	0.26	0.397213
0.98	0.26	-0.252448
1	0.26	-0.934368

0	0.28	3.0332
0.02	0.28	2.17522
0.04	0.28	1.5588
0.06	0.28	1.37116
0.08	0.28	1.37863
0.1	0.28	1.39867
0.12	0.28	1.34418
0.14	0.28	1.19139
0.16	0.28	0.942572
0.18	0.28	0.61252
0.2	0.28	0.223263
0.22	0.28	-0.199315
0.24	0.28	-0.627602
0.26	0.28	-1.03466
0.28	0.28	-1.3976
0.3	0.28	-1.70095
0.32	0.28	-1.93829
0.34	0.28	-2.1117
0.36	0.28	-2.22938
0.38	0.28	-2.30272
0.4	0.28	-2.34377
0.42	0.28	-2.36345
0.44	0.28	-2.37072
0.46	0.28	-2.37243
0.48	0.28	-2.37353
0.5	0.28	-2.3776
0.52	0.28	-2.38722
0.54	0.28	-2.40435
0.56	0.28	-2.43036
0.58	0.28	-2.4658
0.6	0.28	-2.50958
0.62	0.28	-2.55736
0.64	0.28	-2.59887
0.66	0.28	-2.61412
0.68	0.28	-2.56911
0.7	0.28	-2.41288
0.72	0.28	-2.08016
0.74	0.28	-1.5049
0.76	0.28	-0.648875
0.78	0.28	0.459101
0.8	0.28	1.6926
0.82	0.28	2.8356
0.84	0.28	3.64723
0.86	0.28	3.96103
0.88	0.28	3.75764
0.9	0.28	3.1591
0.92	0.28	2.35158
0.94	0.28	1.49506
0.96	0.28	0.670721
0.98	0.28	-0.113655
1	0.28	-0.915572

0	0.3	3.82538
0.02	0.3	2.60627
0.04	0.3	1.73569
0.06	0.3	1.43018
0.08	0.3	1.37899
0.1	0.3	1.34913
0.12	0.3	1.23676
0.14	0.3	1.01961
0.16	0.3	0.706462
0.18	0.3	0.318747
0.2	0.3	-0.115472
0.22	0.3	-0.564852
0.24	0.3	-0.997661
0.26	0.3	-1.38578
0.28	0.3	-1.70904
0.3	0.3	-1.958
0.32	0.3	-2.13383
0.34	0.3	-2.24577
0.36	0.3	-2.30741
0.38	0.3	-2.33326
0.4	0.3	-2.33637
0.42	0.3	-2.32709
0.44	0.3	-2.3129
0.46	0.3	-2.2988
0.48	0.3	-2.288
0.5	0.3	-2.28256
0.52	0.3	-2.28403
0.54	0.3	-2.29391
0.56	0.3	-2.31387
0.58	0.3	-2.34589
0.6	0.3	-2.39192
0.62	0.3	-2.45298
0.64	0.3	-2.52717
0.66	0.3	-2.60619
0.68	0.3	-2.66981
0.7	0.3	-2.67907
0.72	0.3	-2.57067
0.74	0.3	-2.25872
0.76	0.3	-1.65279
0.78	0.3	-0.699148
0.8	0.3	0.562304
0.82	0.3	1.95705
0.84	0.3	3.19776
0.86	0.3	3.98855
0.88	0.3	4.1625
0.9	0.3	3.75506
0.92	0.3	2.95757
0.94	0.3	1.99494
0.96	0.3	1.01898
0.98	0.3	0.0756554
1	0.3	-0.869104

0	0.32	4.62992
0.02	0.32	3.04656
0.04	0.32	1.91157
0.06	0.32	1.4788
0.08	0.32	1.36327
0.1	0.32	1.28107
0.12	0.32	1.11146
0.14	0.32	0.834064
0.16	0.32	0.464231
0.18	0.32	0.0301198
0.2	0.32	-0.434138
0.22	0.32	-0.892365
0.24	0.32	-1.31068
0.26	0.32	-1.66279
0.28	0.32	-1.93425
0.3	0.32	-2.12351
0.32	0.32	-2.23962
0.34	0.32	-2.2979
0.36	0.32	-2.31547
0.38	0.32	-2.30791
0.4	0.32	-2.28744
0.42	0.32	-2.26258
0.44	0.32	-2.23856
0.46	0.32	-2.21823
0.48	0.32	-2.2029
0.5	0.32	-2.19319
0.52	0.32	-2.1895
0.54	0.32	-2.19255
0.56	0.32	-2.20363
0.58	0.32	-2.22489
0.6	0.32	-2.25942
0.62	0.32	-2.31107
0.64	0.32	-2.38351
0.66	0.32	-2.47801
0.68	0.32	-2.58885
0.7	0.32	-2.69573
0.72	0.32	-2.7535
0.74	0.32	-2.68293
0.76	0.32	-2.37197
0.78	0.32	-1.70159
0.8	0.32	-0.606445
0.82	0.32	0.844268
0.84	0.32	2.39961
0.86	0.32	3.68185
0.88	0.32	4.35167
0.9	0.32	4.28198
0.92	0.32	3.60147
0.94	0.32	2.5781
0.96	0.32	1.45029
0.98	0.32	0.327573
1	0.32	-0.7815

0	0.34	5.41315
0.02	0.34	3.48602
0.04	0.34	2.0878
0.06	0.34	1.52044
0.08	0.34	1.33563
0.1	0.34	1.20026
0.12	0.34	0.976154
0.14	0.34	0.644505
0.16	0.34	0.22713
0.18	0.34	-0.241219
0.2	0.34	-0.72084
0.22	0.34	-1.17221
0.24	0.34	-1.56185
0.26	0.34	-1.86812
0.28	0.34	-2.08416
0.3	0.34	-2.21678
0.32	0.34	-2.28189
0.34	0.34	-2.29904
0.36	0.34	-2.28678
0.38	0.34	-2.25994
0.4	0.34	-2.22872
0.42	0.34	-2.19914
0.44	0.34	-2.17409
0.46	0.34	-2.15443
0.48	0.34	-2.13998
0.5	0.34	-2.1302
0.52	0.34	-2.12466
0.54	0.34	-2.12335
0.56	0.34	-2.12691
0.58	0.34	-2.13695
0.6	0.34	-2.15631
0.62	0.34	-2.1894
0.64	0.34	-2.24215
0.66	0.34	-2.32129
0.68	0.34	-2.43171
0.7	0.34	-2.5706
0.72	0.34	-2.71683
0.74	0.34	-2.81601
0.76	0.34	-2.76667
0.78	0.34	-2.42255
0.8	0.34	-1.63296
0.82	0.34	-0.333809
0.84	0.34	1.34263
0.86	0.34	3.02992
0.88	0.34	4.25023
0.9	0.34	4.66066
0.92	0.34	4.23635
0.94	0.34	3.23159
0.96	0.34	1.97077
0.98	0.34	0.654593
1	0.34	-0.638585

0	0.36	6.14218
0.02	0.36	3.91454
0.04	0.36	2.26601
0.06	0.36	1.559
0.08	0.36	1.30056
0.1	0.36	1.1125
0.12	0.36	0.838183
0.14	0.36	0.459527
0.16	0.36	0.00436816
0.18	0.36	-0.486403
0.2	0.36	-0.968585
0.22	0.36	-1.4013
0.24	0.36	-1.75389
0.26	0.36	-2.01129
0.28	0.36	-2.17493
0.3	0.36	-2.25916
0.32	0.36	-2.28505
0.34	0.36	-2.2743
0.36	0.36	-2.2451
0.38	0.36	-2.2103
0.4	0.36	-2.17749
0.42	0.36	-2.15018
0.44	0.36	-2.12919
0.46	0.36	-2.11389
0.48	0.36	-2.10312
0.5	0.36	-2.09568
0.52	0.36	-2.09067
0.54	0.36	-2.0876
0.56	0.36	-2.08656
0.58	0.36	-2.08839
0.6	0.36	-2.09503
0.62	0.36	-2.11004
0.64	0.36	-2.13911
0.66	0.36	-2.1905
0.68	0.36	-2.27436
0.7	0.36	-2.39968
0.72	0.36	-2.56644
0.74	0.36	-2.75058
0.76	0.36	-2.88247
0.78	0.36	-2.82794
0.8	0.36	-2.39601
0.82	0.36	-1.40671
0.84	0.36	0.172335
0.86	0.36	2.09023
0.88	0.36	3.8234
0.9	0.36	4.81545
0.92	0.36	4.80156
0.94	0.36	3.93042
0.96	0.36	2.58144
0.98	0.36	1.06831
1	0.36	-0.425648

0	0.38	6.78721
0.02	0.38	4.32211
0.04	0.38	2.44769
0.06	0.38	1.59862
0.08	0.38	1.26262
0.1	0.38	1.02318
0.12	0.38	0.703982
0.14	0.38	0.286134
0.16	0.38	-0.197282
0.18	0.38	-0.700067
0.2	0.38	-1.17495
0.22	0.38	-1.58168
0.24	0.38	-1.89426
0.26	0.38	-2.10505
0.28	0.38	-2.22334
0.3	0.38	-2.26957
0.32	0.38	-2.26802
0.34	0.38	-2.24077
0.36	0.38	-2.2044
0.38	0.38	-2.16918
0.4	0.38	-2.14006
0.42	0.38	-2.11837
0.44	0.38	-2.10336
0.46	0.38	-2.09349
0.48	0.38	-2.08708
0.5	0.38	-2.08272
0.52	0.38	-2.07938
0.54	0.38	-2.07638
0.56	0.38	-2.07345
0.58	0.38	-2.0708
0.6	0.38	-2.06938
0.62	0.38	-2.07137
0.64	0.38	-2.08095
0.66	0.38	-2.10524
0.68	0.38	-2.15518
0.7	0.38	-2.24499
0.72	0.38	-2.3883
0.74	0.38	-2.58701
0.76	0.38	-2.80962
0.78	0.38	-2.96043
0.8	0.38	-2.8564
0.82	0.38	-2.25141
0.84	0.38	-0.953863
0.86	0.38	0.975639
0.88	0.38	3.09079
0.9	0.38	4.69279
0.92	0.38	5.23043
0.94	0.38	4.63652
0.96	0.38	3.27543
0.98	0.38	1.57801
1	0.38	-0.12748

0	0.4	7.32344
0.02	0.4	4.6989
0.04	0.4	2.63376
0.06	0.4	1.6434
0.08	0.4	1.22623
0.1	0.4	0.937106
0.12	0.4	0.578824
0.14	0.4	0.129571
0.16	0.4	-0.3735
0.18	0.4	-0.879989
0.2	0.4	-1.34107
0.22	0.4	-1.71868
0.24	0.4	-1.99252
0.26	0.4	-2.1623
0.28	0.4	-2.24402
0.3	0.4	-2.26249
0.32	0.4	-2.24349
0.34	0.4	-2.20823
0.36	0.4	-2.17102
0.38	0.4	-2.13947
0.4	0.4	-2.11622
0.42	0.4	-2.10089
0.44	0.4	-2.09173
0.46	0.4	-2.08672
0.48	0.4	-2.08409
0.5	0.4	-2.08249
0.52	0.4	-2.08098
0.54	0.4	-2.07893
0.56	0.4	-2.07592
0.58	0.4	-2.07176
0.6	0.4	-2.06663
0.62	0.4	-2.06144
0.64	0.4	-2.0585
0.66	0.4	-2.0627
0.68	0.4	-2.08299
0.7	0.4	-2.13371
0.72	0.4	-2.23424
0.74	0.4	-2.40325
0.76	0.4	-2.64217
0.78	0.4	-2.9029
0.8	0.4	-3.04516
0.82	0.4	-2.81502
0.84	0.4	-1.90941
0.86	0.4	-0.17723
0.88	0.4	2.1237
0.9	0.4	4.27632
0.92	0.4	5.4628
0.94	0.4	5.30181
0.96	0.4	4.03653
0.98	0.4	2.18932
1	0.4	0.27114

0	0.42	7.73226
0.02	0.42	5.03548
0.04	0.42	2.8243
0.06	0.42	1.69725
0.08	0.42	1.19558
0.1	0.42	0.858355
0.12	0.42	0.466759
0.14	0.42	-0.00662485
0.16	0.42	-0.522122
0.18	0.42	-1.02638
0.2	0.42	-1.47032
0.22	0.42	-1.8191
0.24	0.42	-2.05832
0.26	0.42	-2.19425
0.28	0.42	-2.24819
0.3	0.42	-2.24772
0.32	0.42	-2.21883
0.34	0.42	-2.18114
0.36	0.42	-2.14651
0.38	0.42	-2.1202
0.4	0.42	-2.10296
0.42	0.42	-2.09326
0.44	0.42	-2.08879
0.46	0.42	-2.08741
0.48	0.42	-2.08746
0.5	0.42	-2.08783
0.52	0.42	-2.08778
0.54	0.42	-2.08684
0.56	0.42	-2.08462
0.58	0.42	-2.08075
0.6	0.42	-2.07493
0.62	0.42	-2.06716
0.64	0.42	-2.05819
0.66	0.42	-2.05054
0.68	0.42	-2.05016
0.7	0.42	-2.06855
0.72	0.42	-2.12488
0.74	0.42	-2.24513
0.76	0.42	-2.45282
0.78	0.42	-2.74285
0.8	0.42	-3.03306
0.82	0.42	-3.10901
0.84	0.42	-2.62291
0.86	0.42	-1.24339
0.88	0.42	1.02617
0.9	0.42	3.59176
0.92	0.42	5.45781
0.94	0.42	5.87476
0.96	0.42	4.83954
0.98	0.42	2.90295
1	0.42	0.784387

0	0.44	8.00192
0.02	0.44	5.32308
0.04	0.44	3.01824
0.06	0.44	1.76366
0.08	0.44	1.17457
0.1	0.44	0.790277
0.12	0.44	0.370662
0.14	0.44	-0.120411
0.16	0.44	-0.642658
0.18	0.44	-1.14102
0.2	0.44	-1.56715
0.22	0.44	-1.88981
0.24	0.44	-2.10008
0.26	0.44	-2.20968
0.28	0.44	-2.2437
0.3	0.44	-2.23121
0.32	0.44	-2.19761
0.34	0.44	-2.16065
0.36	0.44	-2.12997
0.38	0.44	-2.10887
0.4	0.44	-2.09676
0.42	0.44	-2.09138
0.44	0.44	-2.09019
0.46	0.44	-2.09112
0.48	0.44	-2.09276
0.5	0.44	-2.09426
0.52	0.44	-2.09514
0.54	0.44	-2.0951
0.56	0.44	-2.09387
0.58	0.44	-2.09106
0.6	0.44	-2.08619
0.62	0.44	-2.07869
0.64	0.44	-2.06827
0.66	0.44	-2.05555
0.68	0.44	-2.04355
0.7	0.44	-2.03992
0.72	0.44	-2.06024
0.74	0.44	-2.13058
0.76	0.44	-2.28522
0.78	0.44	-2.55009
0.8	0.44	-2.89977
0.82	0.44	-3.18619
0.84	0.44	-3.07974
0.86	0.44	-2.13446
0.88	0.44	-0.0910026
0.9	0.44	2.69962
0.92	0.44	5.20202
0.94	0.44	6.30858
0.96	0.44	5.65238
0.98	0.44	3.71382
1	0.44	1.42402

0	0.46	8.12752
0.02	0.46	5.55381
0.04	0.46	3.2132
0.06	0.46	1.84546
0.08	0.46	1.16683
0.1	0.46	0.735594
0.12	0.46	0.292411
0.14	0.46	-0.210922
0.16	0.46	-0.735756
0.18	0.46	-1.22652
0.2	0.46	-1.63615
0.22	0.46	-1.93693
0.24	0.46	-2.12455
0.26	0.46	-2.21489
0.28	0.46	-2.23554
0.3	0.46	-2.21613
0.32	0.46	-2.18106
0.34	0.46	-2.1463
0.36	0.46	-2.11964
0.38	0.46	-2.10293
0.4	0.46	-2.09469
0.42	0.46	-2.09226
0.44	0.46	-2.09308
0.46	0.46	-2.09527
0.48	0.46	-2.09765
0.5	0.46	-2.09962
0.52	0.46	-2.10094
0.54	0.46	-2.10147
0.56	0.46	-2.10109
0.58	0.46	-2.09948
0.6	0.46	-2.09614
0.62	0.46	-2.09028
0.64	0.46	-2.08099
0.66	0.46	-2.06767
0.68	0.46	-2.051
0.7	0.46	-2.03503
0.72	0.46	-2.03052
0.74	0.46	-2.05945
0.76	0.46	-2.15786
0.78	0.46	-2.36919
0.8	0.46	-2.71319
0.82	0.46	-3.11491
0.84	0.46	-3.3078
0.86	0.46	-2.80733
0.88	0.46	-1.13306
0.9	0.46	1.67986
0.92	0.46	4.71041
0.94	0.46	6.56857
0.96	0.46	6.43973
0.98	0.46	4.61087
1	0.46	2.19802

0	0.48	8.11059
0.02	0.48	5.72105
0.04	0.48	3.40542
0.06	0.48	1.94464
0.08	0.48	1.17569
0.1	0.48	0.696546
0.12	0.48	0.233088
0.14	0.48	-0.278145
0.16	0.48	-0.802717
0.18	0.48	-1.28567
0.2	0.48	-1.68145
0.22	0.48	-1.96538
0.24	0.48	-2.13668
0.26	0.48	-2.21407
0.28	0.48	-2.22661
0.3	0.48	-2.20386
0.32	0.48	-2.16916
0.34	0.48	-2.13699
0.36	0.48	-2.11376
0.38	0.48	-2.10034
0.4	0.48	-2.09472
0.42	0.48	-2.09409
0.44	0.48	-2.09597
0.46	0.48	-2.09867
0.48	0.48	-2.10123
0.5	0.48	-2.10326
0.52	0.48	-2.10466
0.54	0.48	-2.10547
0.56	0.48	-2.10567
0.58	0.48	-2.10508
0.6	0.48	-2.10325
0.62	0.48	-2.09938
0.64	0.48	-2.09233
0.66	0.48	-2.08077
0.68	0.48	-2.06387
0.7	0.48	-2.04278
0.72	0.48	-2.02372
0.74	0.48	-2.0229
0.76	0.48	-2.07248
0.78	0.48	-2.22193
0.8	0.48	-2.52083
0.82	0.48	-2.9597
0.84	0.48	-3.35777
0.86	0.48	-3.25906
0.88	0.48	-2.03438
0.9	0.48	0.614771
0.92	0.48	4.02071
0.94	0.48	6.63663
0.96	0.48	7.16733
0.98	0.48	5.57765
1	0.48	3.10946

0	0.5	7.95837
0.02	0.5	5.81967
0.04	0.5	3.58983
0.06	0.5	2.06204
0.08	0.5	1.20417
0.1	0.5	0.675088
0.12	0.5	0.193245
0.14	0.5	-0.322601
0.16	0.5	-0.84511
0.18	0.5	-1.32107
0.2	0.5	-1.70645
0.22	0.5	-1.97883
0.24	0.5	-2.1398
0.26	0.5	-2.20977
0.28	0.5	-2.21836
0.3	0.5	-2.19478
0.32	0.5	-2.16139
0.34	0.5	-2.13161
0.36	0.5	-2.11094
0.38	0.5	-2.09969
0.4	0.5	-2.09562
0.42	0.5	-2.09591
0.44	0.5	-2.09821
0.46	0.5	-2.10097
0.48	0.5	-2.10341
0.5	0.5	-2.10528
0.52	0.5	-2.10658
0.54	0.5	-2.10746
0.56	0.5	-2.108
0.58	0.5	-2.10813
0.6	0.5	-2.10753
0.62	0.5	-2.10549
0.64	0.5	-2.10083
0.66	0.5	-2.09195
0.68	0.5	-2.0771
0.7	0.5	-2.05546
0.72	0.5	-2.02958
0.74	0.5	-2.00994
0.76	0.5	-2.02218
0.78	0.5	-2.11389
0.8	0.5	-2.34993
0.82	0.5	-2.77106
0.84	0.5	-3.28574
0.86	0.5	-3.51447
0.88	0.5	-2.7613
0.9	0.5	-0.424511
0.92	0.5	3.18374
0.94	0.5	6.51181
0.96	0.5	7.8061
0.98	0.5	6.59382
1	0.5	4.15589

0	0.52	7.68282
0.02	0.52	5.84642
0.04	0.52	3.76013
0.06	0.52	2.19713
0.08	0.52	1.25492
0.1	0.52	0.673057
0.12	0.52	0.173122
0.14	0.52	-0.345116
0.16	0.52	-0.864508
0.18	0.52	-1.33487
0.2	0.52	-1.71359
0.22	0.52	-1.97966
0.24	0.52	-2.13587
0.26	0.52	-2.20322
0.28	0.52	-2.21128
0.3	0.52	-2.18869
0.32	0.52	-2.1571
0.34	0.52	-2.12925
0.36	0.52	-2.11025
0.38	0.52	-2.10018
0.4	0.52	-2.0968
0.42	0.52	-2.09737
0.44	0.52	-2.09965
0.46	0.52	-2.10224
0.48	0.52	-2.10445
0.5	0.52	-2.10607
0.52	0.52	-2.10721
0.54	0.52	-2.10805
0.56	0.52	-2.10874
0.58	0.52	-2.10933
0.6	0.52	-2.10962
0.62	0.52	-2.10903
0.64	0.52	-2.10648
0.66	0.52	-2.10032
0.68	0.52	-2.08836
0.7	0.52	-2.0686
0.72	0.52	-2.04089
0.74	0.52	-2.01094
0.76	0.52	-1.99735
0.78	0.52	-2.04139
0.8	0.52	-2.21193
0.82	0.52	-2.58279
0.84	0.52	-3.14198
0.86	0.52	-3.61256
0.88	0.52	-3.30738
0.9	0.52	-1.38529
0.92	0.52	2.25351
0.94	0.52	6.20749
0.96	0.52	8.33485
0.98	0.52	7.63711
1	0.52	5.3293

0	0.54	7.2996
0.02	0.54	5.8001
0.04	0.54	3.90915
0.06	0.54	2.34771
0.08	0.54	1.33005
0.1	0.54	0.692353
0.12	0.54	0.172931
0.14	0.54	-0.346584
0.16	0.54	-0.862333
0.18	0.54	-1.32872
0.2	0.54	-1.7045
0.22	0.54	-1.96923
0.24	0.54	-2.12579
0.26	0.54	-2.19482
0.28	0.54	-2.20529
0.3	0.54	-2.18518
0.32	0.54	-2.15567
0.34	0.54	-2.1293
0.36	0.54	-2.11115
0.38	0.54	-2.10143
0.4	0.54	-2.09804
0.42	0.54	-2.09841
0.44	0.54	-2.10042
0.46	0.54	-2.10272
0.48	0.54	-2.10465
0.5	0.54	-2.10606
0.52	0.54	-2.10703
0.54	0.54	-2.10779
0.56	0.54	-2.10855
0.58	0.54	-2.10941
0.6	0.54	-2.11029
0.62	0.54	-2.11076
0.64	0.54	-2.10988
0.66	0.54	-2.10606
0.68	0.54	-2.09701
0.7	0.54	-2.08004
0.72	0.54	-2.05329
0.74	0.54	-2.0188
0.76	0.54	-1.98889
0.78	0.54	-1.99683
0.8	0.54	-2.10803
0.82	0.54	-2.41398
0.84	0.54	-2.9656
0.86	0.54	-3.59566
0.88	0.54	-3.68532
0.9	0.54	-2.23485
0.92	0.54	1.27946
0.94	0.54	5.74644
0.96	0.54	8.74138
0.98	0.54	8.68553
1	0.54	6.61683

0	0.56	6.82703
0.02	0.56	5.68175
0.04	0.56	4.02923
0.06	0.56	2.50974
0.08	0.56	1.43078
0.1	0.56	0.734954
0.12	0.56	0.19301
0.14	0.56	-0.327865
0.16	0.56	-0.839794
0.18	0.56	-1.30372
0.2	0.56	-1.67995
0.22	0.56	-1.94787
0.24	0.56	-2.10945
0.26	0.56	-2.18415
0.28	0.56	-2.19977
0.3	0.56	-2.1836
0.32	0.56	-2.15658
0.34	0.56	-2.13138
0.36	0.56	-2.11344
0.38	0.56	-2.10338
0.4	0.56	-2.09943
0.42	0.56	-2.09921
0.44	0.56	-2.10073
0.46	0.56	-2.10265
0.48	0.56	-2.10433
0.5	0.56	-2.10555
0.52	0.56	-2.10642
0.54	0.56	-2.10713
0.56	0.56	-2.10792
0.58	0.56	-2.10895
0.6	0.56	-2.11021
0.62	0.56	-2.11141
0.64	0.56	-2.11175
0.66	0.56	-2.10978
0.68	0.56	-2.10323
0.7	0.56	-2.08911
0.72	0.56	-2.06452
0.74	0.56	-2.02895
0.76	0.56	-1.98966
0.78	0.56	-1.972
0.8	0.56	-2.03396
0.82	0.56	-2.27273
0.84	0.56	-2.7837
0.86	0.56	-3.50257
0.88	0.56	-3.91875
0.9	0.56	-2.958
0.92	0.56	0.301895
0.94	0.56	5.15553
0.96	0.56	9.02176
0.98	0.56	9.71938
1	0.56	8.00196

0	0.58	6.28503
0.02	0.58	5.4948
0.04	0.58	4.1127
0.06	0.58	2.67719
0.08	0.58	1.5571
0.1	0.58	0.80292
0.12	0.58	0.23411
0.14	0.58	-0.289565
0.16	0.58	-0.797855
0.18	0.58	-1.26058
0.2	0.58	-1.64015
0.22	0.58	-1.91527
0.24	0.58	-2.08615
0.26	0.58	-2.17025
0.28	0.58	-2.19379
0.3	0.58	-2.1832
0.32	0.58	-2.15932
0.34	0.58	-2.13526
0.36	0.58	-2.11713
0.38	0.58	-2.10621
0.4	0.58	-2.10122
0.42	0.58	-2.10007
0.44	0.58	-2.10088
0.46	0.58	-2.10234
0.48	0.58	-2.10374
0.5	0.58	-2.10482
0.52	0.58	-2.10563
0.54	0.58	-2.10634
0.56	0.58	-2.10718
0.58	0.58	-2.10835
0.6	0.58	-2.10988
0.62	0.58	-2.11158
0.64	0.58	-2.11277
0.66	0.58	-2.11215
0.68	0.58	-2.10752
0.7	0.58	-2.09584
0.72	0.58	-2.07363
0.74	0.58	-2.03872
0.76	0.58	-1.9946
0.78	0.58	-1.95975
0.8	0.58	-1.98327
0.82	0.58	-2.16008
0.84	0.58	-2.61289
0.86	0.58	-3.36515
0.88	0.58	-4.03553
0.9	0.58	-3.55285
0.92	0.58	-0.649462
0.94	0.58	4.46131
0.96	0.58	9.17849
0.98	0.58	10.7227
1	0.58	9.46621

0	0.6	5.6942
0.02	0.6	5.24503
0.04	0.6	4.15258
0.06	0.6	2.84213
0.08	0.6	1.70721
0.1	0.6	0.898037
0.12	0.6	0.297381
0.14	0.6	-0.232008
0.16	0.6	-0.737264
0.18	0.6	-1.19959
0.2	0.6	-1.58465
0.22	0.6	-1.8703
0.24	0.6	-2.05432
0.26	0.6	-2.15148
0.28	0.6	-2.18589
0.3	0.6	-2.1829
0.32	0.6	-2.16326
0.34	0.6	-2.14072
0.36	0.6	-2.12232
0.38	0.6	-2.11023
0.4	0.6	-2.10381
0.42	0.6	-2.1014
0.44	0.6	-2.10126
0.46	0.6	-2.10211
0.48	0.6	-2.10317
0.5	0.6	-2.10411
0.52	0.6	-2.1049
0.54	0.6	-2.10566
0.56	0.6	-2.10661
0.58	0.6	-2.10791
0.6	0.6	-2.10967
0.62	0.6	-2.11171
0.64	0.6	-2.11347
0.66	0.6	-2.11373
0.68	0.6	-2.11044
0.7	0.6	-2.10056
0.72	0.6	-2.08038
0.74	0.6	-2.04672
0.76	0.6	-2.00043
0.78	0.6	-1.9545
0.8	0.6	-1.94939
0.82	0.6	-2.07309
0.84	0.6	-2.46177
0.86	0.6	-3.20752
0.88	0.6	-4.06334
0.9	0.6	-4.02626
0.92	0.6	-1.55487
0.94	0.6	3.68695
0.96	0.6	9.21807
0.98	0.6	11.684
1	0.6	10.991

0	0.62	5.07489
0.02	0.62	4.94043
0.04	0.62	4.14321
0.06	0.62	2.995
0.08	0.62	1.87706
0.1	0.62	1.02149
0.12	0.62	0.384553
0.14	0.62	-0.154918
0.16	0.62	-0.658499
0.18	0.62	-1.12096
0.2	0.62	-1.5129
0.22	0.62	-1.81165
0.24	0.62	-2.01213
0.26	0.62	-2.12583
0.28	0.62	-2.17424
0.3	0.62	-2.18128
0.32	0.62	-2.16753
0.34	0.62	-2.14742
0.36	0.62	-2.12909
0.38	0.62	-2.11578
0.4	0.62	-2.10771
0.42	0.62	-2.10374
0.44	0.62	-2.10238
0.46	0.62	-2.10241
0.48	0.62	-2.103
0.5	0.62	-2.10374
0.52	0.62	-2.1045
0.54	0.62	-2.10534
0.56	0.62	-2.10642
0.58	0.62	-2.1079
0.6	0.62	-2.10985
0.62	0.62	-2.11214
0.64	0.62	-2.11421
0.66	0.62	-2.11496
0.68	0.62	-2.11241
0.7	0.62	-2.10362
0.72	0.62	-2.08481
0.74	0.62	-2.05226
0.76	0.62	-2.00509
0.78	0.62	-1.95223
0.8	0.62	-1.92654
0.82	0.62	-2.00714
0.84	0.62	-2.33346
0.86	0.62	-3.04672
0.88	0.62	-4.02709
0.9	0.62	-4.39
0.92	0.62	-2.40271
0.94	0.62	2.85059
0.96	0.62	9.14847
0.98	0.62	12.5967
1	0.62	12.5594

0	0.64	4.44639
0.02	0.64	4.59099
0.04	0.64	4.08097
0.06	0.64	3.12524
0.08	0.64	2.0599
0.1	0.64	1.17294
0.12	0.64	0.497451
0.14	0.64	-0.0575354
0.16	0.64	-0.561758
0.18	0.64	-1.02463
0.2	0.64	-1.42392
0.22	0.64	-1.73733
0.24	0.64	-1.95691
0.26	0.64	-2.09042
0.28	0.64	-2.15617
0.3	0.64	-2.17622
0.32	0.64	-2.17068
0.34	0.64	-2.15458
0.36	0.64	-2.13723
0.38	0.64	-2.12308
0.4	0.64	-2.11339
0.42	0.64	-2.10768
0.44	0.64	-2.10485
0.46	0.64	-2.10382
0.48	0.64	-2.10375
0.5	0.64	-2.10416
0.52	0.64	-2.10482
0.54	0.64	-2.10572
0.56	0.64	-2.10694
0.58	0.64	-2.10858
0.6	0.64	-2.11069
0.62	0.64	-2.11309
0.64	0.64	-2.11526
0.66	0.64	-2.11609
0.68	0.64	-2.11369
0.7	0.64	-2.10523
0.72	0.64	-2.08696
0.74	0.64	-2.05494
0.76	0.64	-2.00729
0.78	0.64	-1.95009
0.8	0.64	-1.91009
0.82	0.64	-1.9573
0.84	0.64	-2.22769
0.86	0.64	-2.89397
0.88	0.64	-3.94795
0.9	0.64	-4.65786
0.92	0.64	-3.18722
0.94	0.64	1.96487
0.96	0.64	8.97693
0.98	0.64	13.4585
1	0.64	14.1578

0	0.66	3.82624
0.02	0.66	4.20824
0.04	0.66	3.96492
0.06	0.66	3.22221
0.08	0.66	2.24629
0.1	0.66	1.35
0.12	0.66	0.637849
0.14	0.66	0.0617358
0.16	0.66	-0.446765
0.18	0.66	-0.910712
0.2	0.66	-1.31719
0.22	0.66	-1.64583
0.24	0.66	-1.88628
0.26	0.66	-2.04233
0.28	0.66	-2.12869
0.3	0.66	-2.16505
0.32	0.66	-2.17065
0.34	0.66	-2.16086
0.36	0.66	-2.14606
0.38	0.66	-2.132
0.4	0.66	-2.1211
0.42	0.66	-2.11373
0.44	0.66	-2.10931
0.46	0.66	-2.10701
0.48	0.66	-2.10606
0.5	0.66	-2.10594
0.52	0.66	-2.10637
0.54	0.66	-2.10722
0.56	0.66	-2.1085
0.58	0.66	-2.11025
0.6	0.66	-2.1124
0.62	0.66	-2.11475
0.64	0.66	-2.11671
0.66	0.66	-2.11717
0.68	0.66	-2.11429
0.7	0.66	-2.10534
0.72	0.66	-2.08668
0.74	0.66	-2.05438
0.76	0.66	-2.0061
0.78	0.66	-1.94607
0.8	0.66	-1.8965
0.82	0.66	-1.91904
0.84	0.66	-2.14243
0.86	0.66	-2.75614
0.88	0.66	-3.84324
0.9	0.66	-4.84386
0.92	0.66	-3.90629
0.94	0.66	1.03731
0.96	0.66	8.70806
0.98	0.66	14.2709
1	0.66	15.7777

0	0.68	3.22961
0.02	0.68	3.80475
0.04	0.68	3.79722
0.06	0.68	3.27632
0.08	0.68	2.42425
0.1	0.68	1.54695
0.12	0.68	0.806055
0.14	0.68	0.204643
0.16	0.68	-0.312726
0.18	0.68	-0.778901
0.2	0.68	-1.19178
0.22	0.68	-1.53506
0.24	0.68	-1.79699
0.26	0.68	-1.97761
0.28	0.68	-2.08766
0.3	0.68	-2.14392
0.32	0.68	-2.16419
0.34	0.68	-2.1638
0.36	0.68	-2.15396
0.38	0.68	-2.14168
0.4	0.68	-2.13058
0.42	0.68	-2.12204
0.44	0.68	-2.11618
0.46	0.68	-2.11253
0.48	0.68	-2.11053
0.5	0.68	-2.10969
0.52	0.68	-2.10969
0.54	0.68	-2.11032
0.56	0.68	-2.11149
0.58	0.68	-2.11314
0.6	0.68	-2.11511
0.62	0.68	-2.11709
0.64	0.68	-2.11843
0.66	0.68	-2.11798
0.68	0.68	-2.1139
0.7	0.68	-2.10357
0.72	0.68	-2.08354
0.74	0.68	-2.05004
0.76	0.68	-2.00066
0.78	0.68	-1.93868
0.8	0.68	-1.88312
0.82	0.68	-1.88867
0.84	0.68	-2.07502
0.86	0.68	-2.63712
0.88	0.68	-3.72683
0.9	0.68	-4.96122
0.92	0.68	-4.55943
0.94	0.68	0.0711124
0.96	0.68	8.34233
0.98	0.68	15.0383
1	0.68	17.4161

0	0.7	2.66889
0.02	0.7	3.39351
0.04	0.7	3.58335
0.06	0.7	3.28045
0.08	0.7	2.5805
0.1	0.7	1.75483
0.12	0.7	1.00052
0.14	0.7	0.373127
0.16	0.7	-0.158194
0.18	0.7	-0.62906
0.2	0.7	-1.04785
0.22	0.7	-1.40437
0.24	0.7	-1.68717
0.26	0.7	-1.89318
0.28	0.7	-2.02918
0.3	0.7	-2.10858
0.32	0.7	-2.14724
0.34	0.7	-2.15987
0.36	0.7	-2.15814
0.38	0.7	-2.15009
0.4	0.7	-2.14054
0.42	0.7	-2.13195
0.44	0.7	-2.12523
0.46	0.7	-2.12048
0.48	0.7	-2.11744
0.5	0.7	-2.11575
0.52	0.7	-2.11509
0.54	0.7	-2.11525
0.56	0.7	-2.11602
0.58	0.7	-2.11724
0.6	0.7	-2.11864
0.62	0.7	-2.11979
0.64	0.7	-2.11993
0.66	0.7	-2.11785
0.68	0.7	-2.11175
0.7	0.7	-2.09909
0.72	0.7	-2.07666
0.74	0.7	-2.04103
0.76	0.7	-1.99002
0.78	0.7	-1.92667
0.8	0.7	-1.86806
0.82	0.7	-1.86339
0.84	0.7	-2.02292
0.86	0.7	-2.53893
0.88	0.7	-3.60988
0.9	0.7	-5.02203
0.92	0.7	-5.14625
0.94	0.7	-0.933558
0.96	0.7	7.87463
0.98	0.7	15.7672
1	0.7	19.0776

0	0.72	2.15341
0.02	0.72	2.98727
0.04	0.72	3.33192
0.06	0.72	3.23109
0.08	0.72	2.70164
0.1	0.72	1.96072
0.12	0.72	1.21555
0.14	0.72	0.567313
0.16	0.72	0.018513
0.18	0.72	-0.460058
0.2	0.72	-0.884488
0.22	0.72	-1.25214
0.24	0.72	-1.55388
0.26	0.72	-1.78479
0.28	0.72	-1.94798
0.3	0.72	-2.05331
0.32	0.72	-2.11407
0.34	0.72	-2.14377
0.36	0.72	-2.154
0.38	0.72	-2.15349
0.4	0.72	-2.14809
0.42	0.72	-2.14132
0.44	0.72	-2.13499
0.46	0.72	-2.12986
0.48	0.72	-2.12611
0.5	0.72	-2.12362
0.52	0.72	-2.12219
0.54	0.72	-2.1216
0.56	0.72	-2.12161
0.58	0.72	-2.12193
0.6	0.72	-2.1222
0.62	0.72	-2.12184
0.64	0.72	-2.12003
0.66	0.72	-2.11548
0.68	0.72	-2.10641
0.7	0.72	-2.09042
0.72	0.72	-2.06461
0.74	0.72	-2.026
0.76	0.72	-1.97299
0.78	0.72	-1.90893
0.8	0.72	-1.85005
0.82	0.72	-1.84144
0.84	0.72	-1.9843
0.86	0.72	-2.46274
0.88	0.72	-3.50157
0.9	0.72	-5.03745
0.92	0.72	-5.66516
0.94	0.72	-1.97803
0.96	0.72	7.29292
0.98	0.72	16.465
1	0.72	20.775

0	0.74	1.68956
0.02	0.74	2.59784
0.04	0.74	3.05427
0.06	0.74	3.12951
0.08	0.74	2.77678
0.1	0.74	2.15
0.12	0.74	1.44209
0.14	0.74	0.785332
0.16	0.74	0.21865
0.18	0.74	-0.271228
0.2	0.74	-0.70243
0.22	0.74	-1.07944
0.24	0.74	-1.39728
0.26	0.74	-1.65093
0.28	0.74	-1.84079
0.3	0.74	-1.97329
0.32	0.74	-2.05887
0.34	0.74	-2.10927
0.36	0.74	-2.13541
0.38	0.74	-2.14622
0.4	0.74	-2.14827
0.42	0.74	-2.14595
0.44	0.74	-2.14197
0.46	0.74	-2.1378
0.48	0.74	-2.13416
0.5	0.74	-2.13128
0.52	0.74	-2.12915
0.54	0.74	-2.12763
0.56	0.74	-2.12648
0.58	0.74	-2.12536
0.6	0.74	-2.12381
0.62	0.74	-2.12117
0.64	0.74	-2.11651
0.66	0.74	-2.10853
0.68	0.74	-2.09551
0.7	0.74	-2.07526
0.72	0.74	-2.04524
0.74	0.74	-2.00311
0.76	0.74	-1.94813
0.78	0.74	-1.88452
0.8	0.74	-1.82848
0.82	0.74	-1.82223
0.84	0.74	-1.95851
0.86	0.74	-2.4097
0.88	0.74	-3.40988
0.9	0.74	-5.0183
0.92	0.74	-6.11257
0.94	0.74	-3.06307
0.96	0.74	6.57659
0.98	0.74	17.1387
1	0.74	22.5317

0	0.76	1.28055
0.02	0.76	2.2364
0.04	0.76	2.76377
0.06	0.76	2.98191
0.08	0.76	2.79875
0.1	0.76	2.30665
0.12	0.76	1.66551
0.14	0.76	1.02005
0.16	0.76	0.441485
0.18	0.76	-0.0607618
0.2	0.76	-0.499744
0.22	0.76	-0.8845
0.24	0.76	-1.21507
0.26	0.76	-1.48811
0.28	0.76	-1.70262
0.3	0.76	-1.86216
0.32	0.76	-1.97422
0.34	0.76	-2.04831
0.36	0.76	-2.09413
0.38	0.76	-2.12025
0.4	0.76	-2.13351
0.42	0.76	-2.13894
0.44	0.76	-2.13997
0.46	0.76	-2.13877
0.48	0.76	-2.13663
0.5	0.76	-2.13422
0.52	0.76	-2.13181
0.54	0.76	-2.12942
0.56	0.76	-2.12686
0.58	0.76	-2.12381
0.6	0.76	-2.11977
0.62	0.76	-2.11403
0.64	0.76	-2.10564
0.66	0.76	-2.09334
0.68	0.76	-2.07552
0.7	0.76	-2.05028
0.72	0.76	-2.01561
0.74	0.76	-1.97
0.76	0.76	-1.9139
0.78	0.76	-1.85285
0.8	0.76	-1.8037
0.82	0.76	-1.80666
0.84	0.76	-1.94659
0.86	0.76	-2.38179
0.88	0.76	-3.34234
0.9	0.76	-4.9761
0.92	0.76	-6.48271
0.94	0.76	-4.18601
0.96	0.76	5.69443
0.98	0.76	17.7935
1	0.76	24.3853

0	0.78	0.927966
0.02	0.78	1.91126
0.04	0.78	2.4751
0.06	0.78	2.79989
0.08	0.78	2.76744
0.1	0.78	2.41883
0.12	0.78	1.87064
0.14	0.78	1.26095
0.16	0.78	0.682656
0.18	0.78	0.169951
0.2	0.78	-0.278079
0.22	0.78	-0.670178
0.24	0.78	-1.01045
0.26	0.78	-1.29849
0.28	0.78	-1.53353
0.3	0.78	-1.71741
0.32	0.78	-1.85511
0.34	0.78	-1.95384
0.36	0.78	-2.02164
0.38	0.78	-2.0662
0.4	0.78	-2.09413
0.42	0.78	-2.11068
0.44	0.78	-2.11973
0.46	0.78	-2.12401
0.48	0.78	-2.12531
0.5	0.78	-2.12475
0.52	0.78	-2.12291
0.54	0.78	-2.12006
0.56	0.78	-2.11614
0.58	0.78	-2.11093
0.6	0.78	-2.10394
0.62	0.78	-2.09452
0.64	0.78	-2.08176
0.66	0.78	-2.06453
0.68	0.78	-2.04146
0.7	0.78	-2.01109
0.72	0.78	-1.97211
0.74	0.78	-1.92415
0.76	0.78	-1.86917
0.78	0.78	-1.81443
0.8	0.78	-1.77779
0.82	0.78	-1.79791
0.84	0.78	-1.95205
0.86	0.78	-2.3828
0.88	0.78	-3.30686
0.9	0.78	-4.92442
0.92	0.78	-6.76837
0.94	0.78	-5.3369
0.96	0.78	4.6026
0.98	0.78	18.4258
1	0.78	26.3967

0	0.8	0.629636
0.02	0.8	1.63553
0.04	0.8	2.20514
0.06	0.8	2.59951
0.08	0.8	2.68876
0.1	0.8	2.47781
0.12	0.8	2.03955
0.14	0.8	1.49112
0.16	0.8	0.932898
0.18	0.8	0.419295
0.2	0.8	-0.0348484
0.22	0.8	-0.432797
0.24	0.8	-0.779959
0.26	0.8	-1.07871
0.28	0.8	-1.32965
0.3	0.8	-1.53401
0.32	0.8	-1.69499
0.34	0.8	-1.8177
0.36	0.8	-1.90834
0.38	0.8	-1.97333
0.4	0.8	-2.01861
0.42	0.8	-2.04923
0.44	0.8	-2.06923
0.46	0.8	-2.08162
0.48	0.8	-2.08861
0.5	0.8	-2.09167
0.52	0.8	-2.09172
0.54	0.8	-2.08929
0.56	0.8	-2.08453
0.58	0.8	-2.07737
0.6	0.8	-2.06746
0.62	0.8	-2.05429
0.64	0.8	-2.03709
0.66	0.8	-2.01503
0.68	0.8	-1.98712
0.7	0.8	-1.9526
0.72	0.8	-1.91112
0.74	0.8	-1.86384
0.76	0.8	-1.81445
0.78	0.8	-1.77225
0.8	0.8	-1.756
0.82	0.8	-1.80282
0.84	0.8	-1.98209
0.86	0.8	-2.41973
0.88	0.8	-3.31275
0.9	0.8	-4.8806
0.92	0.8	-6.96354
0.94	0.8	-6.493
0.96	0.8	3.24209
0.98	0.8	19.0208
1	0.8	28.6633

0	0.82	0.391013
0.02	0.82	1.40859
0.04	0.82	1.97005
0.06	0.82	2.40151
0.08	0.82	2.57838
0.1	0.82	2.48709
0.12	0.82	2.1632
0.14	0.82	1.69527
0.16	0.82	1.17765
0.18	0.82	0.676503
0.2	0.82	0.222104
0.22	0.82	-0.179297
0.24	0.82	-0.530657
0.26	0.82	-0.835646
0.28	0.82	-1.09656
0.3	0.82	-1.31519
0.32	0.82	-1.49406
0.34	0.82	-1.63681
0.36	0.82	-1.74804
0.38	0.82	-1.83281
0.4	0.82	-1.89604
0.42	0.82	-1.9422
0.44	0.82	-1.97508
0.46	0.82	-1.99772
0.48	0.82	-2.01245
0.5	0.82	-2.021
0.52	0.82	-2.02453
0.54	0.82	-2.02385
0.56	0.82	-2.0193
0.58	0.82	-2.01108
0.6	0.82	-1.999
0.62	0.82	-1.98289
0.64	0.82	-1.96223
0.66	0.82	-1.93678
0.68	0.82	-1.90609
0.7	0.82	-1.87057
0.72	0.82	-1.83104
0.74	0.82	-1.79067
0.76	0.82	-1.7548
0.78	0.82	-1.73489
0.8	0.82	-1.74965
0.82	0.82	-1.83453
0.84	0.82	-2.04976
0.86	0.82	-2.50491
0.88	0.82	-3.37237
0.9	0.82	-4.86768
0.92	0.82	-7.06861
0.94	0.82	-7.61296
0.96	0.82	1.5415
0.98	0.82	19.5102
1	0.82	31.3594

0	0.84	0.20204
0.02	0.84	1.27885
0.04	0.84	1.79766
0.06	0.84	2.23089
0.08	0.84	2.45586
0.1	0.84	2.45298
0.12	0.84	2.23293
0.14	0.84	1.85604
0.16	0.84	1.40042
0.18	0.84	0.932482
0.2	0.84	0.492095
0.22	0.84	0.0953133
0.24	0.84	-0.255401
0.26	0.84	-0.562392
0.28	0.84	-0.828499
0.3	0.84	-1.05613
0.32	0.84	-1.24765
0.34	0.84	-1.40589
0.36	0.84	-1.53424
0.38	0.84	-1.6365
0.4	0.84	-1.71653
0.42	0.84	-1.77808
0.44	0.84	-1.82439
0.46	0.84	-1.85837
0.48	0.84	-1.8822
0.5	0.84	-1.89779
0.52	0.84	-1.90636
0.54	0.84	-1.90904
0.56	0.84	-1.90627
0.58	0.84	-1.89875
0.6	0.84	-1.88636
0.62	0.84	-1.86975
0.64	0.84	-1.84853
0.66	0.84	-1.82383
0.68	0.84	-1.79557
0.7	0.84	-1.76639
0.72	0.84	-1.73768
0.74	0.84	-1.71572
0.76	0.84	-1.70587
0.78	0.84	-1.72251
0.8	0.84	-1.78128
0.82	0.84	-1.91716
0.84	0.84	-2.17761
0.86	0.84	-2.65972
0.88	0.84	-3.50389
0.9	0.84	-4.91636
0.92	0.84	-7.09972
0.94	0.84	-8.63086
0.96	0.84	-0.579072
0.98	0.84	19.7884
1	0.84	34.7605

0	0.86	0.144719
0.02	0.86	1.17866
0.04	0.86	1.68864
0.06	0.86	2.10629
0.08	0.86	2.3465
0.1	0.86	2.39922
0.12	0.86	2.26077
0.14	0.86	1.96926
0.16	0.86	1.58406
0.18	0.86	1.16404
0.2	0.86	0.751741
0.22	0.86	0.370188
0.24	0.86	0.0278782
0.26	0.86	-0.2744
0.28	0.86	-0.538683
0.3	0.86	-0.767616
0.32	0.86	-0.963763
0.34	0.86	-1.12979
0.36	0.86	-1.26839
0.38	0.86	-1.3826
0.4	0.86	-1.47523
0.42	0.86	-1.54939
0.44	0.86	-1.60748
0.46	0.86	-1.65226
0.48	0.86	-1.68531
0.5	0.86	-1.70897
0.52	0.86	-1.72386
0.54	0.86	-1.73215
0.56	0.86	-1.73357
0.58	0.86	-1.73049
0.6	0.86	-1.72189
0.62	0.86	-1.71101
0.64	0.86	-1.69619
0.66	0.86	-1.6824
0.68	0.86	-1.66767
0.7	0.86	-1.65999
0.72	0.86	-1.65745
0.74	0.86	-1.67313
0.76	0.86	-1.70606
0.78	0.86	-1.77852
0.8	0.86	-1.89371
0.82	0.86	-2.09469
0.84	0.86	-2.40357
0.86	0.86	-2.92164
0.88	0.86	-3.7355
0.9	0.86	-5.06892
0.92	0.86	-7.0982
0.94	0.86	-9.46758
0.96	0.86	-3.15663
0.98	0.86	19.45
1	0.86	39.4204

0	0.88	0.0822659
0.02	0.88	1.40264
0.04	0.88	1.72785
0.06	0.88	2.0608
0.08	0.88	2.26958
0.1	0.88	2.33459
0.12	0.88	2.24704
0.14	0.88	2.02912
0.16	0.88	1.72035
0.18	0.88	1.36528
0.2	0.88	1.00101
0.22	0.88	0.651942
0.24	0.88	0.330677
0.26	0.88	0.041783
0.28	0.88	-0.214342
0.3	0.88	-0.439238
0.32	0.88	-0.634772
0.34	0.88	-0.803395
0.36	0.88	-0.946988
0.38	0.88	-1.06844
0.4	0.88	-1.1693
0.42	0.88	-1.25299
0.44	0.88	-1.32027
0.46	0.88	-1.37514
0.48	0.88	-1.41706
0.5	0.88	-1.45095
0.52	0.88	-1.47449
0.54	0.88	-1.49418
0.56	0.88	-1.50547
0.58	0.88	-1.51742
0.6	0.88	-1.52267
0.62	0.88	-1.53416
0.64	0.88	-1.54081
0.66	0.88	-1.56123
0.68	0.88	-1.57925
0.7	0.88	-1.62161
0.72	0.88	-1.66494
0.74	0.88	-1.74807
0.76	0.88	-1.83744
0.78	0.88	-1.9914
0.8	0.88	-2.16326
0.82	0.88	-2.4482
0.84	0.88	-2.78805
0.86	0.88	-3.35988
0.88	0.88	-4.1078
0.9	0.88	-5.39194
0.92	0.88	-7.1325
0.94	0.88	-10.0617
0.96	0.88	-6.15086
0.98	0.88	18.136
1	0.88	45.9273

0	0.9	0.94351
0.02	0.9	1.32722
0.04	0.9	1.67961
0.06	0.9	2.0033
0.08	0.9	2.2021
0.1	0.9	2.27413
0.12	0.9	2.2143
0.14	0.9	2.04555
0.16	0.9	1.79838
0.18	0.9	1.50598
0.2	0.9	1.19721
0.22	0.9	0.893261
0.24	0.9	0.607126
0.26	0.9	0.345128
0.28	0.9	0.109637
0.3	0.9	-0.100003
0.32	0.9	-0.284443
0.34	0.9	-0.446687
0.36	0.9	-0.586993
0.38	0.9	-0.710001
0.4	0.9	-0.814172
0.42	0.9	-0.906576
0.44	0.9	-0.982614
0.46	0.9	-1.05316
0.48	0.9	-1.10891
0.5	0.9	-1.16645
0.52	0.9	-1.20958
0.54	0.9	-1.26321
0.56	0.9	-1.30126
0.58	0.9	-1.36049
0.6	0.9	-1.40095
0.62	0.9	-1.476
0.64	0.9	-1.52626
0.66	0.9	-1.62838
0.68	0.9	-1.69569
0.7	0.9	-1.83785
0.72	0.9	-1.92946
0.74	0.9	-2.12837
0.76	0.9	-2.25321
0.78	0.9	-2.53561
0.8	0.9	-2.71144
0.82	0.9	-3.1336
0.84	0.9	-3.41187
0.86	0.9	-4.11715
0.88	0.9	-4.65629
0.9	0.9	-6.03069
0.92	0.9	-7.24098
0.94	0.9	-10.541
0.96	0.9	-9.10745
0.98	0.9	13.9479
1	0.9	56.07

0	0.92	0.0556193
0.02	0.92	2.53222
0.04	0.92	2.08125
0.06	0.92	2.03999
0.08	0.92	2.0991
0.1	0.92	2.12323
0.12	0.92	2.07258
0.14	0.92	1.95009
0.16	0.92	1.76978
0.18	0.92	1.55123
0.2	0.92	1.31244
0.22	0.92	1.06843
0.24	0.92	0.829869
0.26	0.92	0.602984
0.28	0.92	0.391933
0.3	0.92	0.196392
0.32	0.92	0.0188283
0.34	0.92	-0.146226
0.36	0.92	-0.293602
0.38	0.92	-0.435201
0.4	0.92	-0.558923
0.42	0.92	-0.686619
0.44	0.92	-0.793968
0.46	0.92	-0.918319
0.48	0.92	-1.01591
0.5	0.92	-1.14765
0.52	0.92	-1.24039
0.54	0.92	-1.39002
0.56	0.92	-1.48035
0.58	0.92	-1.65825
0.6	0.92	-1.74561
0.62	0.92	-1.96269
0.64	0.92	-2.04303
0.66	0.92	-2.31196
0.68	0.92	-2.3772
0.7	0.92	-2.7147
0.72	0.92	-2.75211
0.74	0.92	-3.18365
0.76	0.92	-3.1755
0.78	0.92	-3.74559
0.8	0.92	-3.67077
0.82	0.92	-4.46694
0.84	0.92	-4.30986
0.86	0.92	-5.52088
0.88	0.92	-5.30516
0.9	0.92	-7.36792
0.92	0.92	-7.25877
0.94	0.92	-11.4484
0.96	0.92	-11.2496
0.98	0.92	6.9443
1	0.92	68.3336

0	0.94	9.12987
0.02	0.94	2.176
0.04	0.94	1.07435
0.06	0.94	1.24348
0.08	0.94	1.3216
0.1	0.94	1.31039
0.12	0.94	1.23937
0.14	0.94	1.13099
0.16	0.94	0.990262
0.18	0.94	0.82699
0.2	0.94	0.646479
0.22	0.94	0.454928
0.24	0.94	0.25722
0.26	0.94	0.0557407
0.28	0.94	-0.145063
0.3	0.94	-0.349201
0.32	0.94	-0.547774
0.34	0.94	-0.755534
0.36	0.94	-0.95079
0.38	0.94	-1.16703
0.4	0.94	-1.3578
0.42	0.94	-1.58857
0.44	0.94	-1.77102
0.46	0.94	-2.02294
0.48	0.94	-2.18937
0.5	0.94	-2.47043
0.52	0.94	-2.60867
0.54	0.94	-2.93013
0.56	0.94	-3.02281
0.58	0.94	-3.40167
0.6	0.94	-3.4248
0.62	0.94	-3.88703
0.64	0.94	-3.80735
0.66	0.94	-4.39236
0.68	0.94	-4.16307
0.7	0.94	-4.93046
0.72	0.94	-4.48465
0.74	0.94	-5.52547
0.76	0.94	-4.76638
0.78	0.94	-6.22307
0.8	0.94	-5.00993
0.82	0.94	-7.11368
0.84	0.94	-5.24297
0.86	0.94	-8.38759
0.88	0.94	-5.57767
0.9	0.94	-10.4741
0.92	0.94	-6.40605
0.94	0.94	-14.5045
0.96	0.94	-10.2394
0.98	0.94	-10.5141
1	0.94	92.0726

0	0.96	-11.3948
0.02	0.96	-0.641747
0.04	0.96	-0.594636
0.06	0.96	-1.58414
0.08	0.96	-2.41503
0.1	0.96	-3.13487
0.12	0.96	-3.73091
0.14	0.96	-4.17091
0.16	0.96	-4.49558
0.18	0.96	-4.73439
0.2	0.96	-4.92095
0.22	0.96	-5.08077
0.24	0.96	-5.22764
0.26	0.96	-5.37763
0.28	0.96	-5.5246
0.3	0.96	-5.68905
0.32	0.96	-5.84049
0.34	0.96	-6.02271
0.36	0.96	-6.16698
0.38	0.96	-6.36499
0.4	0.96	-6.48421
0.42	0.96	-6.69911
0.44	0.96	-6.77278
0.46	0.96	-7.01359
0.48	0.96	-7.01848
0.5	0.96	-7.30563
0.52	0.96	-7.21304
0.54	0.96	-7.5818
0.56	0.96	-7.35237
0.58	0.96	-7.85766
0.6	0.96	-7.4335
0.62	0.96	-8.15747
0.64	0.96	-7.45068
0.66	0.96	-8.51521
0.68	0.96	-7.391
0.7	0.96	-8.97781
0.72	0.96	-7.22925
0.74	0.96	-9.61225
0.76	0.96	-6.92193
0.78	0.96	-10.5192
0.8	0.96	-6.4017
0.82	0.96	-11.8595
0.84	0.96	-5.5771
0.86	0.96	-13.9064
0.88	0.96	-4.35914
0.9	0.96	-17.1687
0.92	0.96	-2.84216
0.94	0.96	-22.8958
0.96	0.96	-3.67232
0.98	0.96	-30.489
1	0.96	86.8169

0	0.98	70.3354
0.02	0.98	6.86415
0.04	0.98	-12.8042
0.06	0.98	-17.538
0.08	0.98	-21.4394
0.1	0.98	-23.4907
0.12	0.98	-24.6254
0.14	0.98	-25.0872
0.16	0.98	-25.0987
0.18	0.98	-24.8051
0.2	0.98	-24.3044
0.22	0.98	-23.6786
0.24	0.98	-22.9655
0.26	0.98	-22.2234
0.28	0.98	-21.446
0.3	0.98	-20.6961
0.32	0.98	-19.9228
0.34	0.98	-19.2199
0.36	0.98	-18.4783
0.38	0.98	-17.8541
0.4	0.98	-17.1512
0.42	0.98	-16.6299
0.44	0.98	-15.9605
0.46	0.98	-15.5672
0.48	0.98	-14.9145
0.5	0.98	-14.6805
0.52	0.98	-14.0136
0.54	0.98	-13.9821
0.56	0.98	-13.2503
0.58	0.98	-13.4843
0.6	0.98	-12.6076
0.62	0.98	-13.2029
0.64	0.98	-12.0569
0.66	0.98	-13.1616
0.68	0.98	-11.5537
0.7	0.98	-13.401
0.72	0.98	-11.0315
0.74	0.98	-13.9926
0.76	0.98	-10.3919
0.78	0.98	-15.0669
0.8	0.98	-9.49203
0.82	0.98	-16.8692
0.84	0.98	-8.12865
0.86	0.98	-19.8847
0.88	0.98	-6.0292
0.9	0.98	-25.1585
0.92	0.98	-2.93249
0.94	0.98	-35.3569
0.96	0.98	-0.259078
0.98	0.98	-59.2315
1	0.98	144.777

0	1	-183.81
0.02	1	-145.051
0.04	1	-122.482
0.06	1	-105.138
0.08	1	-92.3453
0.1	1	-82.4579
0.12	1	-74.5937
0.14	1	-68.1678
0.16	1	-62.7194
0.18	1	-57.9582
0.2	1	-53.6789
0.22	1	-49.752
0.24	1	-46.1044
0.26	1	-42.6908
0.28	1	-39.5018
0.3	1	-36.5218
0.32	1	-33.7687
0.34	1	-31.2248
0.36	1	-28.9214
0.38	1	-26.8209
0.4	1	-24.97
0.42	1	-23.2991
0.44	1	-21.8816
0.46	1	-20.6033
0.48	1	-19.5841
0.5	1	-18.6453
0.52	1	-17.9824
0.54	1	-17.3215
0.56	1	-16.9761
0.58	1	-16.5273
0.6	1	-16.4707
0.62	1	-16.1653
0.64	1	-16.3859
0.66	1	-16.1499
0.68	1	-16.6627
0.7	1	-16.4136
0.72	1	-17.2763
0.74	1	-16.9205
0.76	1	-18.2659
0.78	1	-17.7025
0.8	1	-19.8038
0.82	1	-18.9463
0.84	1	-22.3487
0.86	1	-21.1929
0.88	1	-26.9669
0.9	1	-25.8069
0.92	1	-35.9124
0.94	1	-36.641
0.96	1	-53.7145
0.98	1	-79.645
1	1	-171.631

