0	0	0.5
0	0.025	0.5
0	0.05	0.5
0	0.075	0.5
0	0.1	0.5
0	0.125	0.5
0	0.15	0.5
0	0.175	0.5
0	0.2	0.5
0	0.225	0.5
0	0.25	0.5
0	0.275	0.5
0	0.3	0.5
0	0.325	0.5
0	0.35	0.5
0	0.375	0.5
0	0.4	0.5
0	0.425	0.5
0	0.45	0.5
0	0.475	0.5
0	0.5	0.5
0	0.525	0.5
0	0.55	0.5
0	0.575	0.5
0	0.6	0.5
0	0.625	0.5
0	0.65	0.5
0	0.675	0.5
0	0.7	0.5
0	0.725	0.5
0	0.75	0.5
0	0.775	0.5
0	0.8	0.5
0	0.825	0.5
0	0.85	0.5
0	0.875	0.5
0	0.9	0.5
0	0.925	0.5
0	0.95	0.5
0	0.975	0.5
0	1	0.5

0.025	0	0.214872
0.025	0.025	0.216269
0.025	0.05	0.222559
0.025	0.075	0.22956
0.025	0.1	0.235137
0.025	0.125	0.239252
0.025	0.15	0.242947
0.025	0.175	0.247111
0.025	0.2	0.251908
0.025	0.225	0.257026
0.025	0.25	0.262215
0.025	0.275	0.267539
0.025	0.3	0.273209
0.025	0.325	0.279318
0.025	0.35	0.285775
0.025	0.375	0.292448
0.025	0.4	0.299299
0.025	0.425	0.30638
0.025	0.45	0.313734
0.025	0.475	0.32133
0.025	0.5	0.329102
0.025	0.525	0.337004
0.025	0.55	0.345034
0.025	0.575	0.353207
0.025	0.6	0.361511
0.025	0.625	0.369917
0.025	0.65	0.378393
0.025	0.675	0.38692
0.025	0.7	0.395488
0.025	0.725	0.404082
0.025	0.75	0.412689
0.025	0.775	0.421295
0.025	0.8	0.429874
0.025	0.825	0.438381
0.025	0.85	0.446732
0.025	0.875	0.454805
0.025	0.9	0.462415
0.025	0.925	0.469258
0.025	0.95	0.474859
0.025	0.975	0.478586
0.025	1	0.479754

0.05	0	0.0107088
0.05	0.025	0.014377
0.05	0.05	0.0233793
0.05	0.075	0.033208
0.05	0.1	0.0414575
0.05	0.125	0.0479679
0.05	0.15	0.0538451
0.05	0.175	0.060179
0.05	0.2	0.0673423
0.05	0.225	0.0751147
0.05	0.25	0.0831992
0.05	0.275	0.0915552
0.05	0.3	0.100346
0.05	0.325	0.109707
0.05	0.35	0.119619
0.05	0.375	0.129971
0.05	0.4	0.14069
0.05	0.425	0.151794
0.05	0.45	0.163342
0.05	0.475	0.175358
0.05	0.5	0.187806
0.05	0.525	0.200633
0.05	0.55	0.21382
0.05	0.575	0.227393
0.05	0.6	0.241384
0.05	0.625	0.255779
0.05	0.65	0.270529
0.05	0.675	0.285586
0.05	0.7	0.30094
0.05	0.725	0.316605
0.05	0.75	0.332567
0.05	0.775	0.348756
0.05	0.8	0.365073
0.05	0.825	0.38144
0.05	0.85	0.397773
0.05	0.875	0.413866
0.05	0.9	0.429225
0.05	0.925	0.442996
0.05	0.95	0.454053
0.05	0.975	0.461252
0.05	1	0.463726

0.075	0	-0.115306
0.075	0.025	-0.111045
0.075	0.05	-0.101942
0.075	0.075	-0.0919992
0.075	0.1	-0.0833482
0.075	0.125	-0.076168
0.075	0.15	-0.0695068
0.075	0.175	-0.0623696
0.075	0.2	-0.0543616
0.075	0.225	-0.0456503
0.075	0.25	-0.0365454
0.075	0.275	-0.0271604
0.075	0.3	-0.0173849
0.075	0.325	-0.00706662
0.075	0.35	0.00382969
0.075	0.375	0.0152227
0.075	0.4	0.027032
0.075	0.425	0.0392761
0.075	0.45	0.0520608
0.075	0.475	0.0654833
0.075	0.5	0.0795614
0.075	0.525	0.0942608
0.075	0.55	0.109583
0.075	0.575	0.125608
0.075	0.6	0.142441
0.075	0.625	0.16012
0.075	0.65	0.178593
0.075	0.675	0.197807
0.075	0.7	0.217779
0.075	0.725	0.238576
0.075	0.75	0.2602
0.075	0.775	0.282524
0.075	0.8	0.305369
0.075	0.825	0.328615
0.075	0.85	0.352182
0.075	0.875	0.37577
0.075	0.9	0.398547
0.075	0.925	0.419048
0.075	0.95	0.435422
0.075	0.975	0.445954
0.075	1	0.449564

0.1	0	-0.1795
0.1	0.025	-0.175922
0.1	0.05	-0.168437
0.1	0.075	-0.160009
0.1	0.1	-0.152177
0.1	0.125	-0.14511
0.1	0.15	-0.138192
0.1	0.175	-0.130763
0.1	0.2	-0.122563
0.1	0.225	-0.113752
0.1	0.25	-0.104623
0.1	0.275	-0.0953298
0.1	0.3	-0.0858172
0.1	0.325	-0.0759493
0.1	0.35	-0.0656689
0.1	0.375	-0.0550329
0.1	0.4	-0.0441073
0.1	0.425	-0.032845
0.1	0.45	-0.0210781
0.1	0.475	-0.00863097
0.1	0.5	0.00457623
0.1	0.525	0.018551
0.1	0.55	0.033349
0.1	0.575	0.0491423
0.1	0.6	0.0661424
0.1	0.625	0.0844627
0.1	0.65	0.104087
0.1	0.675	0.124988
0.1	0.7	0.14725
0.1	0.725	0.171023
0.1	0.75	0.196351
0.1	0.775	0.223069
0.1	0.8	0.250926
0.1	0.825	0.279768
0.1	0.85	0.309501
0.1	0.875	0.339716
0.1	0.9	0.369221
0.1	0.925	0.39592
0.1	0.95	0.417225
0.1	0.975	0.430836
0.1	1	0.435453

0.125	0	-0.205075
0.125	0.025	-0.202566
0.125	0.05	-0.196944
0.125	0.075	-0.190115
0.125	0.1	-0.183043
0.125	0.125	-0.175918
0.125	0.15	-0.168513
0.125	0.175	-0.160563
0.125	0.2	-0.152013
0.125	0.225	-0.143055
0.125	0.25	-0.133976
0.125	0.275	-0.124962
0.125	0.3	-0.116013
0.125	0.325	-0.107031
0.125	0.35	-0.0979634
0.125	0.375	-0.0888559
0.125	0.4	-0.0797541
0.125	0.425	-0.0705732
0.125	0.45	-0.0610838
0.125	0.475	-0.0510403
0.125	0.5	-0.0403044
0.125	0.525	-0.0288166
0.125	0.55	-0.0164474
0.125	0.575	-0.00291339
0.125	0.6	0.0121234
0.125	0.625	0.0288785
0.125	0.65	0.0474056
0.125	0.675	0.0677497
0.125	0.7	0.0901004
0.125	0.725	0.114731
0.125	0.75	0.14176
0.125	0.775	0.171029
0.125	0.8	0.202246
0.125	0.825	0.235233
0.125	0.85	0.269878
0.125	0.875	0.305636
0.125	0.9	0.340947
0.125	0.925	0.37309
0.125	0.95	0.398766
0.125	0.975	0.415118
0.125	1	0.420625

0.15	0	-0.213054
0.15	0.025	-0.211211
0.15	0.05	-0.206538
0.15	0.075	-0.200258
0.15	0.1	-0.193025
0.15	0.125	-0.18511
0.15	0.15	-0.176588
0.15	0.175	-0.167497
0.15	0.2	-0.157968
0.15	0.225	-0.148266
0.15	0.25	-0.138716
0.15	0.275	-0.129548
0.15	0.3	-0.120819
0.15	0.325	-0.112465
0.15	0.35	-0.104447
0.15	0.375	-0.0968082
0.15	0.4	-0.0895822
0.15	0.425	-0.082655
0.15	0.45	-0.0757497
0.15	0.475	-0.0685683
0.15	0.5	-0.0609278
0.15	0.525	-0.0527242
0.15	0.55	-0.0437584
0.15	0.575	-0.0336397
0.15	0.6	-0.0219037
0.15	0.625	-0.00821892
0.15	0.65	0.00756808
0.15	0.675	0.025613
0.15	0.7	0.0462505
0.15	0.725	0.0699123
0.15	0.75	0.0968415
0.15	0.775	0.126933
0.15	0.8	0.15991
0.15	0.825	0.195601
0.15	0.85	0.233874
0.15	0.875	0.27404
0.15	0.9	0.314166
0.15	0.925	0.350938
0.15	0.95	0.380386
0.15	0.975	0.399127
0.15	1	0.405418

0.175	0	-0.216089
0.175	0.025	-0.214269
0.175	0.05	-0.20938
0.175	0.075	-0.202403
0.175	0.1	-0.193973
0.175	0.125	-0.184489
0.175	0.15	-0.174208
0.175	0.175	-0.163345
0.175	0.2	-0.152172
0.175	0.225	-0.141063
0.175	0.25	-0.130423
0.175	0.275	-0.120547
0.175	0.3	-0.111527
0.175	0.325	-0.103319
0.175	0.35	-0.0958826
0.175	0.375	-0.0892614
0.175	0.4	-0.0834841
0.175	0.425	-0.0784205
0.175	0.45	-0.0737651
0.175	0.475	-0.0691899
0.175	0.5	-0.0644904
0.175	0.525	-0.0595407
0.175	0.55	-0.0540978
0.175	0.575	-0.0476921
0.175	0.6	-0.0397557
0.175	0.625	-0.0298487
0.175	0.65	-0.0177068
0.175	0.675	-0.00304027
0.175	0.7	0.0146572
0.175	0.725	0.0360076
0.175	0.75	0.0614202
0.175	0.775	0.0909051
0.175	0.8	0.124259
0.175	0.825	0.161364
0.175	0.85	0.202084
0.175	0.875	0.245594
0.175	0.9	0.289607
0.175	0.925	0.330252
0.175	0.95	0.36293
0.175	0.975	0.383753
0.175	1	0.39074

0.2	0	-0.218291
0.2	0.025	-0.216125
0.2	0.05	-0.210369
0.2	0.075	-0.201993
0.2	0.1	-0.191755
0.2	0.125	-0.1802
0.2	0.15	-0.167725
0.2	0.175	-0.154677
0.2	0.2	-0.141459
0.2	0.225	-0.128571
0.2	0.25	-0.116511
0.2	0.275	-0.105627
0.2	0.3	-0.0960239
0.2	0.325	-0.087643
0.2	0.35	-0.0804285
0.2	0.375	-0.0744085
0.2	0.4	-0.069602
0.2	0.425	-0.0658666
0.2	0.45	-0.0628839
0.2	0.475	-0.0603196
0.2	0.5	-0.0579742
0.2	0.525	-0.0557302
0.2	0.55	-0.0533373
0.2	0.575	-0.0502905
0.2	0.6	-0.0459618
0.2	0.625	-0.039834
0.2	0.65	-0.0315451
0.2	0.675	-0.020671
0.2	0.7	-0.00652642
0.2	0.725	0.0117173
0.2	0.75	0.0346685
0.2	0.775	0.0625051
0.2	0.8	0.0951587
0.2	0.825	0.132613
0.2	0.85	0.174764
0.2	0.875	0.220674
0.2	0.9	0.267735
0.2	0.925	0.311569
0.2	0.95	0.346994
0.2	0.975	0.369628
0.2	1	0.377232

0.225	0	-0.219584
0.225	0.025	-0.217085
0.225	0.05	-0.210422
0.225	0.075	-0.200552
0.225	0.1	-0.18834
0.225	0.125	-0.174499
0.225	0.15	-0.159612
0.225	0.175	-0.14421
0.225	0.2	-0.128861
0.225	0.225	-0.114185
0.225	0.25	-0.100751
0.225	0.275	-0.0889186
0.225	0.3	-0.0787701
0.225	0.325	-0.0702078
0.225	0.35	-0.0631345
0.225	0.375	-0.057542
0.225	0.4	-0.0534193
0.225	0.425	-0.050604
0.225	0.45	-0.0487723
0.225	0.475	-0.0476024
0.225	0.5	-0.0469238
0.225	0.525	-0.0466533
0.225	0.55	-0.0465676
0.225	0.575	-0.0461734
0.225	0.6	-0.0448349
0.225	0.625	-0.0420051
0.225	0.65	-0.0372579
0.225	0.675	-0.0300573
0.225	0.7	-0.019554
0.225	0.725	-0.00471721
0.225	0.75	0.0152753
0.225	0.775	0.0408068
0.225	0.8	0.0719952
0.225	0.825	0.108973
0.225	0.85	0.151705
0.225	0.875	0.19917
0.225	0.9	0.248489
0.225	0.925	0.29483
0.225	0.95	0.332491
0.225	0.975	0.356638
0.225	1	0.364765

0.25	0	-0.220061
0.25	0.025	-0.217367
0.25	0.05	-0.209931
0.25	0.075	-0.198629
0.25	0.1	-0.184398
0.25	0.125	-0.168154
0.25	0.15	-0.150751
0.25	0.175	-0.132981
0.25	0.2	-0.115608
0.25	0.225	-0.0993593
0.25	0.25	-0.0848238
0.25	0.275	-0.0723278
0.25	0.3	-0.061895
0.25	0.325	-0.053363
0.25	0.35	-0.0465712
0.25	0.375	-0.0414487
0.25	0.4	-0.0379303
0.25	0.425	-0.0358202
0.25	0.45	-0.0347903
0.25	0.475	-0.0345432
0.25	0.5	-0.03495
0.25	0.525	-0.0359761
0.25	0.55	-0.0374489
0.25	0.575	-0.0389239
0.25	0.6	-0.0398067
0.25	0.625	-0.0395692
0.25	0.65	-0.037764
0.25	0.675	-0.0337806
0.25	0.7	-0.0266396
0.25	0.725	-0.0151346
0.25	0.75	0.00176377
0.25	0.775	0.0246625
0.25	0.8	0.0539008
0.25	0.825	0.0897971
0.25	0.85	0.132411
0.25	0.875	0.180669
0.25	0.9	0.23146
0.25	0.925	0.279575
0.25	0.95	0.318877
0.25	0.975	0.344155
0.25	1	0.352679

0.275	0	-0.221074
0.275	0.025	-0.218182
0.275	0.05	-0.209877
0.275	0.075	-0.19698
0.275	0.1	-0.180542
0.275	0.125	-0.161738
0.275	0.15	-0.141749
0.275	0.175	-0.121665
0.275	0.2	-0.102448
0.275	0.225	-0.0848981
0.275	0.25	-0.0695859
0.275	0.275	-0.0567634
0.275	0.3	-0.0463652
0.275	0.325	-0.0381414
0.275	0.35	-0.0318454
0.275	0.375	-0.0273218
0.275	0.4	-0.0244331
0.275	0.425	-0.0229412
0.275	0.45	-0.0225145
0.275	0.475	-0.0228834
0.275	0.5	-0.0239627
0.275	0.525	-0.0257681
0.275	0.55	-0.0281863
0.275	0.575	-0.0308448
0.275	0.6	-0.033224
0.275	0.625	-0.0348527
0.275	0.65	-0.0353002
0.275	0.675	-0.0339218
0.275	0.7	-0.0296529
0.275	0.725	-0.0211535
0.275	0.75	-0.00721325
0.275	0.775	0.0129959
0.275	0.8	0.0400501
0.275	0.825	0.0744721
0.275	0.85	0.116431
0.275	0.875	0.164821
0.275	0.9	0.21634
0.275	0.925	0.265483
0.275	0.95	0.305787
0.275	0.975	0.331768
0.275	1	0.340539

0.3	0	-0.223681
0.3	0.025	-0.220434
0.3	0.05	-0.210951
0.3	0.075	-0.196109
0.3	0.1	-0.177173
0.3	0.125	-0.155645
0.3	0.15	-0.133048
0.3	0.175	-0.110759
0.3	0.2	-0.0899068
0.3	0.225	-0.071336
0.3	0.25	-0.0555607
0.3	0.275	-0.0427292
0.3	0.3	-0.0326624
0.3	0.325	-0.0250015
0.3	0.35	-0.0193956
0.3	0.375	-0.015591
0.3	0.4	-0.0133709
0.3	0.425	-0.0124552
0.3	0.45	-0.0125131
0.3	0.475	-0.0133041
0.3	0.5	-0.0147822
0.3	0.525	-0.017007
0.3	0.55	-0.0199228
0.3	0.575	-0.0232368
0.3	0.6	-0.0265205
0.3	0.625	-0.0293795
0.3	0.65	-0.0314243
0.3	0.675	-0.0320088
0.3	0.7	-0.0300272
0.3	0.725	-0.0240541
0.3	0.75	-0.0127376
0.3	0.775	0.00495073
0.3	0.8	0.0298179
0.3	0.825	0.0625892
0.3	0.85	0.103544
0.3	0.875	0.151556
0.3	0.9	0.203182
0.3	0.925	0.252705
0.3	0.95	0.293444
0.3	0.975	0.319749
0.3	1	0.328637

0.325	0	-0.227416
0.325	0.025	-0.223675
0.325	0.05	-0.212779
0.325	0.075	-0.195746
0.325	0.1	-0.174138
0.325	0.125	-0.149827
0.325	0.15	-0.124695
0.325	0.175	-0.100386
0.325	0.2	-0.0781688
0.325	0.225	-0.0588934
0.325	0.25	-0.0429852
0.325	0.275	-0.03046
0.325	0.3	-0.0210023
0.325	0.325	-0.0141284
0.325	0.35	-0.00937209
0.325	0.375	-0.00637608
0.325	0.4	-0.00484685
0.325	0.425	-0.00447012
0.325	0.45	-0.00492404
0.325	0.475	-0.00600094
0.325	0.5	-0.00769009
0.325	0.525	-0.0100866
0.325	0.55	-0.0131858
0.325	0.575	-0.0167726
0.325	0.6	-0.0205113
0.325	0.625	-0.0240889
0.325	0.65	-0.0271654
0.325	0.675	-0.0291133
0.325	0.7	-0.0288203
0.325	0.725	-0.0248205
0.325	0.75	-0.0156637
0.325	0.775	-0.000155503
0.325	0.8	0.0227162
0.325	0.825	0.0538579
0.325	0.85	0.0936462
0.325	0.875	0.140946
0.325	0.9	0.192226
0.325	0.925	0.241643
0.325	0.95	0.282402
0.325	0.975	0.308764
0.325	1	0.317683

0.35	0	-0.231031
0.35	0.025	-0.226793
0.35	0.05	-0.214488
0.35	0.075	-0.195276
0.35	0.1	-0.171029
0.35	0.125	-0.144021
0.35	0.15	-0.116518
0.35	0.175	-0.0904433
0.35	0.2	-0.0671857
0.35	0.225	-0.0475652
0.35	0.25	-0.0318786
0.35	0.275	-0.0199779
0.35	0.3	-0.0113922
0.35	0.325	-0.00550355
0.35	0.35	-0.00172788
0.35	0.375	0.000393203
0.35	0.4	0.00122296
0.35	0.425	0.0010989
0.35	0.45	0.000323083
0.35	0.475	-0.000935423
0.35	0.5	-0.00269993
0.35	0.525	-0.00509451
0.35	0.55	-0.00815818
0.35	0.575	-0.0117473
0.35	0.6	-0.0156139
0.35	0.625	-0.0195195
0.35	0.65	-0.0231711
0.35	0.675	-0.0259668
0.35	0.7	-0.0268105
0.35	0.725	-0.0242311
0.35	0.75	-0.0167213
0.35	0.775	-0.0029606
0.35	0.8	0.0182289
0.35	0.825	0.0478978
0.35	0.85	0.0864946
0.35	0.875	0.132881
0.35	0.9	0.183483
0.35	0.925	0.232423
0.35	0.95	0.272881
0.35	0.975	0.299097
0.35	1	0.307983

0.375	0	-0.234115
0.375	0.025	-0.229453
0.375	0.05	-0.215854
0.375	0.075	-0.194581
0.375	0.1	-0.16781
0.375	0.125	-0.138238
0.375	0.15	-0.108556
0.375	0.175	-0.0809792
0.375	0.2	-0.0569998
0.375	0.225	-0.0373702
0.375	0.25	-0.0222193
0.375	0.275	-0.0112088
0.375	0.3	-0.00370038
0.375	0.325	0.00105988
0.375	0.35	0.00377019
0.375	0.375	0.00498305
0.375	0.4	0.00512158
0.375	0.425	0.00453499
0.375	0.45	0.00349579
0.375	0.475	0.00212983
0.375	0.5	0.000381371
0.375	0.525	-0.0018971
0.375	0.55	-0.00478164
0.375	0.575	-0.00819352
0.375	0.6	-0.0119635
0.375	0.625	-0.0159174
0.375	0.65	-0.0197992
0.375	0.675	-0.0230317
0.375	0.7	-0.0245473
0.375	0.725	-0.022896
0.375	0.75	-0.0165474
0.375	0.775	-0.00409476
0.375	0.8	0.0157616
0.375	0.825	0.0441694
0.375	0.85	0.0816107
0.375	0.875	0.126934
0.375	0.9	0.17656
0.375	0.925	0.224651
0.375	0.95	0.264463
0.375	0.975	0.290295
0.375	1	0.299065

0.4	0	-0.237519
0.4	0.025	-0.232458
0.4	0.05	-0.217567
0.4	0.075	-0.194231
0.4	0.1	-0.164954
0.4	0.125	-0.132896
0.4	0.15	-0.101184
0.4	0.175	-0.0723174
0.4	0.2	-0.0478591
0.4	0.225	-0.0284538
0.4	0.25	-0.0140341
0.4	0.275	-0.00405935
0.4	0.3	0.0022765
0.4	0.325	0.00585874
0.4	0.35	0.00749335
0.4	0.375	0.00781742
0.4	0.4	0.00730157
0.4	0.425	0.00629485
0.4	0.45	0.00503345
0.4	0.475	0.00360035
0.4	0.5	0.00191274
0.4	0.525	-0.000193399
0.4	0.55	-0.00282457
0.4	0.575	-0.00595956
0.4	0.6	-0.00949765
0.4	0.625	-0.0133157
0.4	0.65	-0.0171825
0.4	0.675	-0.0205408
0.4	0.7	-0.0223586
0.4	0.725	-0.0212249
0.4	0.75	-0.0156142
0.4	0.775	-0.00406894
0.4	0.8	0.0147874
0.4	0.825	0.0421482
0.4	0.85	0.0784818
0.4	0.875	0.1226
0.4	0.9	0.170939
0.4	0.925	0.217768
0.4	0.95	0.256521
0.4	0.975	0.281667
0.4	1	0.290206

0.425	0	-0.242211
0.425	0.025	-0.236685
0.425	0.05	-0.220362
0.425	0.075	-0.194815
0.425	0.1	-0.162951
0.425	0.125	-0.128421
0.425	0.15	-0.0947843
0.425	0.175	-0.0647823
0.425	0.2	-0.0399973
0.425	0.225	-0.0209306
0.425	0.25	-0.00730578
0.425	0.275	0.00161525
0.425	0.3	0.00679536
0.425	0.325	0.00924299
0.425	0.35	0.0098645
0.425	0.375	0.00937073
0.425	0.4	0.00826532
0.425	0.425	0.00688525
0.425	0.45	0.00542697
0.425	0.475	0.00393601
0.425	0.5	0.00231184
0.425	0.525	0.000382464
0.425	0.55	-0.00198151
0.425	0.575	-0.00480702
0.425	0.6	-0.00804856
0.425	0.625	-0.0116185
0.425	0.65	-0.0152979
0.425	0.675	-0.0185438
0.425	0.7	-0.0203633
0.425	0.725	-0.0193976
0.425	0.75	-0.014148
0.425	0.775	-0.00313979
0.425	0.8	0.015035
0.425	0.825	0.041562
0.425	0.85	0.0768483
0.425	0.875	0.119645
0.425	0.9	0.166419
0.425	0.925	0.211609
0.425	0.95	0.248922
0.425	0.975	0.273102
0.425	1	0.281305

0.45	0	-0.248096
0.45	0.025	-0.242036
0.45	0.05	-0.224161
0.45	0.075	-0.196299
0.45	0.1	-0.161811
0.45	0.125	-0.12486
0.45	0.15	-0.0894116
0.45	0.175	-0.0584016
0.45	0.2	-0.0333863
0.45	0.225	-0.0146986
0.45	0.25	-0.00185346
0.45	0.275	0.00606933
0.45	0.3	0.0101731
0.45	0.325	0.0115792
0.45	0.35	0.0112862
0.45	0.375	0.0100675
0.45	0.4	0.00844523
0.45	0.425	0.006734
0.45	0.45	0.00509002
0.45	0.475	0.00352938
0.45	0.5	0.0019439
0.45	0.525	0.000161605
0.45	0.55	-0.00196217
0.45	0.575	-0.00449073
0.45	0.6	-0.00741698
0.45	0.625	-0.0106711
0.45	0.65	-0.0140333
0.45	0.675	-0.0169692
0.45	0.7	-0.0185266
0.45	0.725	-0.0174076
0.45	0.75	-0.0121595
0.45	0.775	-0.00132382
0.45	0.8	0.0164913
0.45	0.825	0.0424111
0.45	0.85	0.0767402
0.45	0.875	0.118159
0.45	0.9	0.16319
0.45	0.925	0.206503
0.45	0.95	0.242153
0.45	0.975	0.265212
0.45	1	0.273034

0.475	0	-0.254235
0.475	0.025	-0.247646
0.475	0.05	-0.228267
0.475	0.075	-0.198179
0.475	0.1	-0.161193
0.475	0.125	-0.12197
0.475	0.15	-0.0848604
0.475	0.175	-0.052964
0.475	0.2	-0.0277864
0.475	0.225	-0.00948325
0.475	0.25	0.00262968
0.475	0.275	0.00963499
0.475	0.3	0.012759
0.475	0.325	0.0132244
0.475	0.35	0.0121144
0.475	0.375	0.0102542
0.475	0.4	0.00817334
0.475	0.425	0.00615756
0.475	0.45	0.00432563
0.475	0.475	0.0026729
0.475	0.5	0.00109155
0.475	0.525	-0.000585623
0.475	0.55	-0.00251276
0.475	0.575	-0.00477723
0.475	0.6	-0.00739172
0.475	0.625	-0.0102855
0.475	0.65	-0.0132255
0.475	0.675	-0.0156808
0.475	0.7	-0.0167401
0.475	0.725	-0.0151719
0.475	0.75	-0.00958635
0.475	0.775	0.0014257
0.475	0.8	0.0191919
0.475	0.825	0.0447281
0.475	0.85	0.0782054
0.475	0.875	0.118236
0.475	0.9	0.16144
0.475	0.925	0.202773
0.475	0.95	0.23668
0.475	0.975	0.258587
0.475	1	0.266027

0.5	0	-0.260056
0.5	0.025	-0.25301
0.5	0.05	-0.232298
0.5	0.075	-0.200208
0.5	0.1	-0.160954
0.5	0.125	-0.119662
0.5	0.15	-0.081044
0.5	0.175	-0.0483505
0.5	0.2	-0.0230296
0.5	0.225	-0.0050655
0.5	0.25	0.00640658
0.5	0.275	0.012608
0.5	0.3	0.0148684
0.5	0.325	0.0145006
0.5	0.35	0.0126647
0.5	0.375	0.0102307
0.5	0.4	0.00772921
0.5	0.425	0.00541671
0.5	0.45	0.00338176
0.5	0.475	0.00160902
0.5	0.5	-2.74881e-06
0.5	0.525	-0.0016145
0.5	0.55	-0.00338721
0.5	0.575	-0.00542208
0.5	0.6	-0.0077345
0.5	0.625	-0.0102359
0.5	0.65	-0.0126697
0.5	0.675	-0.0145055
0.5	0.7	-0.0148731
0.5	0.725	-0.0126124
0.5	0.75	-0.00641076
0.5	0.775	0.00506159
0.5	0.8	0.023026
0.5	0.825	0.0483473
0.5	0.85	0.0810411
0.5	0.875	0.119659
0.5	0.9	0.160952
0.5	0.925	0.200207
0.5	0.95	0.232296
0.5	0.975	0.253008
0.5	1	0.260055

0.525	0	-0.266028
0.525	0.025	-0.258588
0.525	0.05	-0.236682
0.525	0.075	-0.202775
0.525	0.1	-0.161442
0.525	0.125	-0.118239
0.525	0.15	-0.0782083
0.525	0.175	-0.0447313
0.525	0.2	-0.0191955
0.525	0.225	-0.00142959
0.525	0.25	0.00958218
0.525	0.275	0.0151675
0.525	0.3	0.0167354
0.525	0.325	0.015676
0.525	0.35	0.0132205
0.525	0.375	0.0102803
0.525	0.4	0.00738645
0.525	0.425	0.00477187
0.525	0.45	0.00250733
0.525	0.475	0.000580152
0.525	0.5	-0.00109704
0.525	0.525	-0.00267838
0.525	0.55	-0.00433106
0.525	0.575	-0.00616292
0.525	0.6	-0.00817861
0.525	0.625	-0.0102593
0.525	0.65	-0.0121194
0.525	0.675	-0.0132292
0.525	0.7	-0.0127636
0.525	0.725	-0.00963941
0.525	0.75	-0.00263384
0.525	0.775	0.00947936
0.525	0.8	0.0277828
0.525	0.825	0.0529607
0.525	0.85	0.0848575
0.525	0.875	0.121967
0.525	0.9	0.161191
0.525	0.925	0.198178
0.525	0.95	0.228265
0.525	0.975	0.247644
0.525	1	0.254234

0.55	0	-0.273035
0.55	0.025	-0.265214
0.55	0.05	-0.242154
0.55	0.075	-0.206505
0.55	0.1	-0.163192
0.55	0.125	-0.118161
0.55	0.15	-0.076743
0.55	0.175	-0.0424143
0.55	0.2	-0.0164949
0.55	0.225	0.00131995
0.55	0.25	0.0121554
0.55	0.275	0.0174032
0.55	0.3	0.018522
0.55	0.325	0.0169644
0.55	0.35	0.0140283
0.55	0.375	0.0106659
0.55	0.4	0.00741175
0.55	0.425	0.0044854
0.55	0.45	0.00195678
0.55	0.475	-0.000167035
0.55	0.5	-0.00194934
0.55	0.525	-0.00353481
0.55	0.55	-0.00509541
0.55	0.575	-0.00673932
0.55	0.6	-0.00845046
0.55	0.625	-0.0100726
0.55	0.65	-0.0112912
0.55	0.675	-0.011584
0.55	0.7	-0.0101777
0.55	0.725	-0.00607371
0.55	0.75	0.00184933
0.55	0.775	0.0146948
0.55	0.8	0.0333827
0.55	0.825	0.0583984
0.55	0.85	0.0894087
0.55	0.875	0.124857
0.55	0.9	0.161809
0.55	0.925	0.196297
0.55	0.95	0.224159
0.55	0.975	0.242034
0.55	1	0.248095

0.575	0	-0.281307
0.575	0.025	-0.273103
0.575	0.05	-0.248924
0.575	0.075	-0.21161
0.575	0.1	-0.166421
0.575	0.125	-0.119648
0.575	0.15	-0.0768511
0.575	0.175	-0.0415652
0.575	0.2	-0.0150385
0.575	0.225	0.00313596
0.575	0.25	0.0141439
0.575	0.275	0.0193932
0.575	0.3	0.0203587
0.575	0.325	0.0185391
0.575	0.35	0.015293
0.575	0.375	0.0116134
0.575	0.4	0.0080434
0.575	0.425	0.00480176
0.575	0.45	0.00197619
0.575	0.475	-0.000387825
0.575	0.5	-0.00231721
0.575	0.525	-0.00394137
0.575	0.55	-0.00543229
0.575	0.575	-0.00689051
0.575	0.6	-0.00827049
0.575	0.625	-0.00937578
0.575	0.65	-0.00986941
0.575	0.675	-0.00924772
0.575	0.7	-0.0067999
0.575	0.725	-0.00161957
0.575	0.75	0.00730171
0.575	0.775	0.0209267
0.575	0.8	0.0399937
0.575	0.825	0.0647791
0.575	0.85	0.0947815
0.575	0.875	0.128418
0.575	0.9	0.162949
0.575	0.925	0.194813
0.575	0.95	0.220361
0.575	0.975	0.236683
0.575	1	0.242209

0.6	0	-0.290207
0.6	0.025	-0.281669
0.6	0.05	-0.256522
0.6	0.075	-0.21777
0.6	0.1	-0.170941
0.6	0.125	-0.122603
0.6	0.15	-0.0784846
0.6	0.175	-0.0421513
0.6	0.2	-0.0147909
0.6	0.225	0.00406517
0.6	0.25	0.0156102
0.6	0.275	0.0212207
0.6	0.3	0.0223541
0.6	0.325	0.0205361
0.6	0.35	0.0171776
0.6	0.375	0.0133107
0.6	0.4	0.00949258
0.6	0.425	0.0059544
0.6	0.45	0.00281934
0.6	0.475	0.000188133
0.6	0.5	-0.00191802
0.6	0.525	-0.00360561
0.6	0.55	-0.00503868
0.6	0.575	-0.00630001
0.6	0.6	-0.00730664
0.6	0.625	-0.00782238
0.6	0.65	-0.00749816
0.6	0.675	-0.0058634
0.6	0.7	-0.00228096
0.6	0.725	0.00405511
0.6	0.75	0.0140301
0.6	0.775	0.02845
0.6	0.8	0.0478556
0.6	0.825	0.0723142
0.6	0.85	0.101181
0.6	0.875	0.132893
0.6	0.9	0.164952
0.6	0.925	0.194229
0.6	0.95	0.217565
0.6	0.975	0.232456
0.6	1	0.237517

0.625	0	-0.299066
0.625	0.025	-0.290296
0.625	0.05	-0.264464
0.625	0.075	-0.224653
0.625	0.1	-0.176562
0.625	0.125	-0.126936
0.625	0.15	-0.0816134
0.625	0.175	-0.0441724
0.625	0.2	-0.015765
0.625	0.225	0.00409107
0.625	0.25	0.0165434
0.625	0.275	0.0228918
0.625	0.3	0.0245429
0.625	0.325	0.0230271
0.625	0.35	0.0197945
0.625	0.375	0.0159126
0.625	0.4	0.0119585
0.625	0.425	0.00818848
0.625	0.45	0.00477653
0.625	0.475	0.00189196
0.625	0.5	-0.000386528
0.625	0.525	-0.00213498
0.625	0.55	-0.00350089
0.625	0.575	-0.00454004
0.625	0.6	-0.00512653
0.625	0.625	-0.00498789
0.625	0.65	-0.0037749
0.625	0.675	-0.00106442
0.625	0.7	0.00369603
0.625	0.725	0.0112047
0.625	0.75	0.0222154
0.625	0.775	0.0373665
0.625	0.8	0.0569964
0.625	0.825	0.0809761
0.625	0.85	0.108553
0.625	0.875	0.138236
0.625	0.9	0.167808
0.625	0.925	0.194579
0.625	0.95	0.215852
0.625	0.975	0.229451
0.625	1	0.234113

0.65	0	-0.307984
0.65	0.025	-0.299098
0.65	0.05	-0.272882
0.65	0.075	-0.232425
0.65	0.1	-0.183485
0.65	0.125	-0.132883
0.65	0.15	-0.0864972
0.65	0.175	-0.0479008
0.65	0.2	-0.0182322
0.65	0.225	0.00295702
0.65	0.25	0.0167174
0.65	0.275	0.024227
0.65	0.3	0.0268062
0.65	0.325	0.0259624
0.65	0.35	0.0231665
0.65	0.375	0.0195148
0.65	0.4	0.015609
0.65	0.425	0.0117424
0.65	0.45	0.00815322
0.65	0.475	0.00508951
0.65	0.5	0.00269492
0.65	0.525	0.000930425
0.65	0.55	-0.000328044
0.65	0.575	-0.0011038
0.65	0.6	-0.00122778
0.65	0.625	-0.000397906
0.65	0.65	0.00172331
0.65	0.675	0.00549914
0.65	0.7	0.011388
0.65	0.725	0.0199739
0.65	0.75	0.0318748
0.65	0.775	0.0475617
0.65	0.8	0.0671824
0.65	0.825	0.0904403
0.65	0.85	0.116515
0.65	0.875	0.144018
0.65	0.9	0.171027
0.65	0.925	0.195274
0.65	0.95	0.214486
0.65	0.975	0.226791
0.65	1	0.23103

0.675	0	-0.317684
0.675	0.025	-0.308765
0.675	0.05	-0.282403
0.675	0.075	-0.241645
0.675	0.1	-0.192228
0.675	0.125	-0.140948
0.675	0.15	-0.0936487
0.675	0.175	-0.0538607
0.675	0.2	-0.0227194
0.675	0.225	0.000152037
0.675	0.25	0.01566
0.675	0.275	0.0248165
0.675	0.3	0.0288162
0.675	0.325	0.029109
0.675	0.35	0.0271609
0.675	0.375	0.0240843
0.675	0.4	0.0205067
0.675	0.425	0.0167678
0.675	0.45	0.013181
0.675	0.475	0.0100817
0.675	0.5	0.00768526
0.675	0.525	0.00599611
0.675	0.55	0.00491925
0.675	0.575	0.0044654
0.675	0.6	0.00484221
0.675	0.625	0.00637154
0.675	0.65	0.00936768
0.675	0.675	0.0141241
0.675	0.7	0.0209982
0.675	0.725	0.0304561
0.675	0.75	0.0429815
0.675	0.775	0.05889
0.675	0.8	0.0781656
0.675	0.825	0.100383
0.675	0.85	0.124692
0.675	0.875	0.149825
0.675	0.9	0.174136
0.675	0.925	0.195744
0.675	0.95	0.212777
0.675	0.975	0.223673
0.675	1	0.227414

0.7	0	-0.328638
0.7	0.025	-0.31975
0.7	0.05	-0.293445
0.7	0.075	-0.252706
0.7	0.1	-0.203184
0.7	0.125	-0.151558
0.7	0.15	-0.103546
0.7	0.175	-0.062592
0.7	0.2	-0.029821
0.7	0.225	-0.00495405
0.7	0.25	0.012734
0.7	0.275	0.0240503
0.7	0.3	0.0300232
0.7	0.325	0.0320046
0.7	0.35	0.03142
0.7	0.375	0.0293751
0.7	0.4	0.026516
0.7	0.425	0.0232322
0.7	0.45	0.0199182
0.7	0.475	0.0170023
0.7	0.5	0.0147776
0.7	0.525	0.0132995
0.7	0.55	0.0125085
0.7	0.575	0.0124507
0.7	0.6	0.0133664
0.7	0.625	0.0155866
0.7	0.65	0.0193914
0.7	0.675	0.0249974
0.7	0.7	0.0326584
0.7	0.725	0.0427255
0.7	0.75	0.0555571
0.7	0.775	0.0713327
0.7	0.8	0.0899037
0.7	0.825	0.110756
0.7	0.85	0.133046
0.7	0.875	0.155642
0.7	0.9	0.177171
0.7	0.925	0.196107
0.7	0.95	0.210949
0.7	0.975	0.220432
0.7	1	0.223679

0.725	0	-0.34054
0.725	0.025	-0.331769
0.725	0.05	-0.305788
0.725	0.075	-0.265485
0.725	0.1	-0.216341
0.725	0.125	-0.164823
0.725	0.15	-0.116433
0.725	0.175	-0.0744747
0.725	0.2	-0.040053
0.725	0.225	-0.012999
0.725	0.25	0.00720985
0.725	0.275	0.0211499
0.725	0.3	0.0296492
0.725	0.325	0.0339179
0.725	0.35	0.0352961
0.725	0.375	0.0348485
0.725	0.4	0.0332197
0.725	0.425	0.0308404
0.725	0.45	0.0281819
0.725	0.475	0.0257637
0.725	0.5	0.0239583
0.725	0.525	0.022879
0.725	0.55	0.0225101
0.725	0.575	0.0229368
0.725	0.6	0.0244289
0.725	0.625	0.0273176
0.725	0.65	0.0318414
0.725	0.675	0.0381375
0.725	0.7	0.0463615
0.725	0.725	0.0567599
0.725	0.75	0.0695825
0.725	0.775	0.0848949
0.725	0.8	0.102445
0.725	0.825	0.121662
0.725	0.85	0.141747
0.725	0.875	0.161736
0.725	0.9	0.18054
0.725	0.925	0.196978
0.725	0.95	0.209875
0.725	0.975	0.21818
0.725	1	0.221072

0.75	0	-0.35268
0.75	0.025	-0.344156
0.75	0.05	-0.318878
0.75	0.075	-0.279576
0.75	0.1	-0.231461
0.75	0.125	-0.180671
0.75	0.15	-0.132413
0.75	0.175	-0.0897996
0.75	0.2	-0.0539036
0.75	0.225	-0.0246655
0.75	0.25	-0.00176698
0.75	0.275	0.0151312
0.75	0.3	0.026636
0.75	0.325	0.0337769
0.75	0.35	0.0377601
0.75	0.375	0.0395652
0.75	0.4	0.0398027
0.75	0.425	0.0389198
0.75	0.45	0.0374447
0.75	0.475	0.035972
0.75	0.5	0.0349458
0.75	0.525	0.034539
0.75	0.55	0.0347862
0.75	0.575	0.0358161
0.75	0.6	0.0379263
0.75	0.625	0.0414447
0.75	0.65	0.0465674
0.75	0.675	0.0533593
0.75	0.7	0.0618914
0.75	0.725	0.0723244
0.75	0.75	0.0848206
0.75	0.775	0.0993563
0.75	0.8	0.115605
0.75	0.825	0.132978
0.75	0.85	0.150748
0.75	0.875	0.168152
0.75	0.9	0.184396
0.75	0.925	0.198627
0.75	0.95	0.209929
0.75	0.975	0.217365
0.75	1	0.220059

0.775	0	-0.364766
0.775	0.025	-0.356638
0.775	0.05	-0.332492
0.775	0.075	-0.294831
0.775	0.1	-0.24849
0.775	0.125	-0.199172
0.775	0.15	-0.151707
0.775	0.175	-0.108975
0.775	0.2	-0.0719977
0.775	0.225	-0.0408096
0.775	0.25	-0.0152783
0.775	0.275	0.00471401
0.775	0.3	0.0195506
0.775	0.325	0.0300538
0.775	0.35	0.0372542
0.775	0.375	0.0420014
0.775	0.4	0.0448311
0.775	0.425	0.0461695
0.775	0.45	0.0465637
0.775	0.475	0.0466494
0.775	0.5	0.0469199
0.775	0.525	0.0475985
0.775	0.55	0.0487684
0.775	0.575	0.0506002
0.775	0.6	0.0534155
0.775	0.625	0.0575383
0.775	0.65	0.0631309
0.775	0.675	0.0702043
0.775	0.7	0.0787668
0.775	0.725	0.0889154
0.775	0.75	0.100748
0.775	0.775	0.114182
0.775	0.8	0.128858
0.775	0.825	0.144207
0.775	0.85	0.15961
0.775	0.875	0.174497
0.775	0.9	0.188337
0.775	0.925	0.20055
0.775	0.95	0.21042
0.775	0.975	0.217083
0.775	1	0.219582

0.8	0	-0.377232
0.8	0.025	-0.369629
0.8	0.05	-0.346994
0.8	0.075	-0.31157
0.8	0.1	-0.267737
0.8	0.125	-0.220675
0.8	0.15	-0.174766
0.8	0.175	-0.132615
0.8	0.2	-0.0951611
0.8	0.225	-0.0625077
0.8	0.25	-0.0346713
0.8	0.275	-0.0117203
0.8	0.3	0.0065233
0.8	0.325	0.0206677
0.8	0.35	0.0315417
0.8	0.375	0.0398306
0.8	0.4	0.0459582
0.8	0.425	0.0502869
0.8	0.45	0.0533336
0.8	0.475	0.0557265
0.8	0.5	0.0579705
0.8	0.525	0.0603159
0.8	0.55	0.0628803
0.8	0.575	0.065863
0.8	0.6	0.0695984
0.8	0.625	0.0744051
0.8	0.65	0.0804252
0.8	0.675	0.0876397
0.8	0.7	0.0960207
0.8	0.725	0.105624
0.8	0.75	0.116508
0.8	0.775	0.128568
0.8	0.8	0.141457
0.8	0.825	0.154674
0.8	0.85	0.167723
0.8	0.875	0.180198
0.8	0.9	0.191753
0.8	0.925	0.201991
0.8	0.95	0.210367
0.8	0.975	0.216123
0.8	1	0.218289

0.825	0	-0.39074
0.825	0.025	-0.383753
0.825	0.05	-0.362931
0.825	0.075	-0.330252
0.825	0.1	-0.289608
0.825	0.125	-0.245595
0.825	0.15	-0.202085
0.825	0.175	-0.161365
0.825	0.2	-0.124261
0.825	0.225	-0.0909075
0.825	0.25	-0.0614227
0.825	0.275	-0.0360103
0.825	0.3	-0.01466
0.825	0.325	0.00303729
0.825	0.35	0.0177037
0.825	0.375	0.0298455
0.825	0.4	0.0397524
0.825	0.425	0.0476888
0.825	0.45	0.0540944
0.825	0.475	0.0595373
0.825	0.5	0.064487
0.825	0.525	0.0691865
0.825	0.55	0.0737617
0.825	0.575	0.0784171
0.825	0.6	0.0834809
0.825	0.625	0.0892582
0.825	0.65	0.0958795
0.825	0.675	0.103316
0.825	0.7	0.111524
0.825	0.725	0.120544
0.825	0.75	0.13042
0.825	0.775	0.14106
0.825	0.8	0.15217
0.825	0.825	0.163343
0.825	0.85	0.174206
0.825	0.875	0.184487
0.825	0.9	0.193971
0.825	0.925	0.2024
0.825	0.95	0.209378
0.825	0.975	0.214267
0.825	1	0.216087

0.85	0	-0.405419
0.85	0.025	-0.399127
0.85	0.05	-0.380387
0.85	0.075	-0.350939
0.85	0.1	-0.314167
0.85	0.125	-0.274041
0.85	0.15	-0.233876
0.85	0.175	-0.195603
0.85	0.2	-0.159912
0.85	0.225	-0.126935
0.85	0.25	-0.0968437
0.85	0.275	-0.0699147
0.85	0.3	-0.046253
0.85	0.325	-0.0256157
0.85	0.35	-0.00757086
0.85	0.375	0.00821605
0.85	0.4	0.0219008
0.85	0.425	0.0336367
0.85	0.45	0.0437553
0.85	0.475	0.0527211
0.85	0.5	0.0609247
0.85	0.525	0.0685652
0.85	0.55	0.0757466
0.85	0.575	0.0826519
0.85	0.6	0.0895792
0.85	0.625	0.0968052
0.85	0.65	0.104444
0.85	0.675	0.112462
0.85	0.7	0.120816
0.85	0.725	0.129546
0.85	0.75	0.138713
0.85	0.775	0.148264
0.85	0.8	0.157965
0.85	0.825	0.167495
0.85	0.85	0.176586
0.85	0.875	0.185108
0.85	0.9	0.193022
0.85	0.925	0.200256
0.85	0.95	0.206536
0.85	0.975	0.211209
0.85	1	0.213052

0.875	0	-0.420625
0.875	0.025	-0.415118
0.875	0.05	-0.398766
0.875	0.075	-0.37309
0.875	0.1	-0.340947
0.875	0.125	-0.305637
0.875	0.15	-0.269879
0.875	0.175	-0.235235
0.875	0.2	-0.202247
0.875	0.225	-0.171031
0.875	0.25	-0.141762
0.875	0.275	-0.114733
0.875	0.3	-0.0901026
0.875	0.325	-0.067752
0.875	0.35	-0.047408
0.875	0.375	-0.028881
0.875	0.4	-0.0121259
0.875	0.425	0.00291074
0.875	0.45	0.0164447
0.875	0.475	0.0288139
0.875	0.5	0.0403017
0.875	0.525	0.0510375
0.875	0.55	0.061081
0.875	0.575	0.0705704
0.875	0.6	0.0797514
0.875	0.625	0.0888532
0.875	0.65	0.0979607
0.875	0.675	0.107028
0.875	0.7	0.11601
0.875	0.725	0.124959
0.875	0.75	0.133974
0.875	0.775	0.143053
0.875	0.8	0.15201
0.875	0.825	0.160561
0.875	0.85	0.168511
0.875	0.875	0.175916
0.875	0.9	0.183041
0.875	0.925	0.190113
0.875	0.95	0.196942
0.875	0.975	0.202564
0.875	1	0.205073

0.9	0	-0.435453
0.9	0.025	-0.430837
0.9	0.05	-0.417225
0.9	0.075	-0.395921
0.9	0.1	-0.369222
0.9	0.125	-0.339717
0.9	0.15	-0.309502
0.9	0.175	-0.279769
0.9	0.2	-0.250928
0.9	0.225	-0.223071
0.9	0.25	-0.196353
0.9	0.275	-0.171025
0.9	0.3	-0.147252
0.9	0.325	-0.12499
0.9	0.35	-0.104089
0.9	0.375	-0.0844648
0.9	0.4	-0.0661446
0.9	0.425	-0.0491445
0.9	0.45	-0.0333513
0.9	0.475	-0.0185533
0.9	0.5	-0.00457859
0.9	0.525	0.00862859
0.9	0.55	0.0210757
0.9	0.575	0.0328426
0.9	0.6	0.0441049
0.9	0.625	0.0550305
0.9	0.65	0.0656666
0.9	0.675	0.075947
0.9	0.7	0.0858149
0.9	0.725	0.0953276
0.9	0.75	0.104621
0.9	0.775	0.11375
0.9	0.8	0.122561
0.9	0.825	0.130761
0.9	0.85	0.13819
0.9	0.875	0.145108
0.9	0.9	0.152175
0.9	0.925	0.160007
0.9	0.95	0.168435
0.9	0.975	0.17592
0.9	1	0.179498

0.925	0	-0.449565
0.925	0.025	-0.445955
0.925	0.05	-0.435423
0.925	0.075	-0.419048
0.925	0.1	-0.398548
0.925	0.125	-0.37577
0.925	0.15	-0.352183
0.925	0.175	-0.328616
0.925	0.2	-0.30537
0.925	0.225	-0.282526
0.925	0.25	-0.260201
0.925	0.275	-0.238577
0.925	0.3	-0.21778
0.925	0.325	-0.197808
0.925	0.35	-0.178595
0.925	0.375	-0.160121
0.925	0.4	-0.142443
0.925	0.425	-0.12561
0.925	0.45	-0.109584
0.925	0.475	-0.0942627
0.925	0.5	-0.0795633
0.925	0.525	-0.0654852
0.925	0.55	-0.0520628
0.925	0.575	-0.0392781
0.925	0.6	-0.0270339
0.925	0.625	-0.0152247
0.925	0.65	-0.00383165
0.925	0.675	0.00706467
0.925	0.7	0.0173829
0.925	0.725	0.0271585
0.925	0.75	0.0365435
0.925	0.775	0.0456484
0.925	0.8	0.0543597
0.925	0.825	0.0623677
0.925	0.85	0.069505
0.925	0.875	0.0761662
0.925	0.9	0.0833464
0.925	0.925	0.0919974
0.925	0.95	0.101941
0.925	0.975	0.111043
0.925	1	0.115304

0.95	0	-0.463726
0.95	0.025	-0.461252
0.95	0.05	-0.454053
0.95	0.075	-0.442996
0.95	0.1	-0.429226
0.95	0.125	-0.413866
0.95	0.15	-0.397773
0.95	0.175	-0.38144
0.95	0.2	-0.365074
0.95	0.225	-0.348756
0.95	0.25	-0.332568
0.95	0.275	-0.316606
0.95	0.3	-0.300941
0.95	0.325	-0.285587
0.95	0.35	-0.27053
0.95	0.375	-0.25578
0.95	0.4	-0.241385
0.95	0.425	-0.227395
0.95	0.45	-0.213821
0.95	0.475	-0.200634
0.95	0.5	-0.187807
0.95	0.525	-0.175359
0.95	0.55	-0.163344
0.95	0.575	-0.151796
0.95	0.6	-0.140692
0.95	0.625	-0.129973
0.95	0.65	-0.119621
0.95	0.675	-0.109709
0.95	0.7	-0.100348
0.95	0.725	-0.0915567
0.95	0.75	-0.0832006
0.95	0.775	-0.0751161
0.95	0.8	-0.0673437
0.95	0.825	-0.0601805
0.95	0.85	-0.0538465
0.95	0.875	-0.0479693
0.95	0.9	-0.041459
0.95	0.925	-0.0332094
0.95	0.95	-0.0233808
0.95	0.975	-0.0143785
0.95	1	-0.0107103

0.975	0	-0.479754
0.975	0.025	-0.478586
0.975	0.05	-0.474859
0.975	0.075	-0.469258
0.975	0.1	-0.462416
0.975	0.125	-0.454806
0.975	0.15	-0.446732
0.975	0.175	-0.438381
0.975	0.2	-0.429875
0.975	0.225	-0.421295
0.975	0.25	-0.41269
0.975	0.275	-0.404083
0.975	0.3	-0.395488
0.975	0.325	-0.386921
0.975	0.35	-0.378394
0.975	0.375	-0.369918
0.975	0.4	-0.361512
0.975	0.425	-0.353207
0.975	0.45	-0.345035
0.975	0.475	-0.337004
0.975	0.5	-0.329103
0.975	0.525	-0.321331
0.975	0.55	-0.313734
0.975	0.575	-0.306381
0.975	0.6	-0.299299
0.975	0.625	-0.292449
0.975	0.65	-0.285776
0.975	0.675	-0.279319
0.975	0.7	-0.27321
0.975	0.725	-0.26754
0.975	0.75	-0.262216
0.975	0.775	-0.257027
0.975	0.8	-0.251909
0.975	0.825	-0.247111
0.975	0.85	-0.242947
0.975	0.875	-0.239252
0.975	0.9	-0.235137
0.975	0.925	-0.229561
0.975	0.95	-0.22256
0.975	0.975	-0.21627
0.975	1	-0.214873

1	0	-0.5
1	0.025	-0.5
1	0.05	-0.5
1	0.075	-0.5
1	0.1	-0.5
1	0.125	-0.5
1	0.15	-0.5
1	0.175	-0.5
1	0.2	-0.5
1	0.225	-0.5
1	0.25	-0.5
1	0.275	-0.5
1	0.3	-0.5
1	0.325	-0.5
1	0.35	-0.5
1	0.375	-0.5
1	0.4	-0.5
1	0.425	-0.5
1	0.45	-0.5
1	0.475	-0.5
1	0.5	-0.5
1	0.525	-0.5
1	0.55	-0.5
1	0.575	-0.5
1	0.6	-0.5
1	0.625	-0.5
1	0.65	-0.5
1	0.675	-0.5
1	0.7	-0.5
1	0.725	-0.5
1	0.75	-0.5
1	0.775	-0.5
1	0.8	-0.5
1	0.825	-0.5
1	0.85	-0.5
1	0.875	-0.5
1	0.9	-0.5
1	0.925	-0.5
1	0.95	-0.5
1	0.975	-0.5
1	1	-0.5

