1 0  -3.95871e-09
1.05263 0  -0.00526964
1.10526 0  -0.000439936
1.15789 0  0.0013698
1.21053 0  0.000192675
1.26316 0  8.27297e-06
1.31579 0  8.22292e-05
1.36842 0  -8.38082e-05
1.42105 0  -3.49325e-05
1.47368 0  4.65688e-05
1.52632 0  3.39117e-05
1.57895 0  -1.31654e-06
1.63158 0  -1.00222e-05
1.68421 0  4.66728e-05
1.73684 0  0.000143114
1.78947 0  -5.32781e-05
1.84211 0  -0.000180907
1.89474 0  2.57592e-05
1.94737 0  -0.000153407
2 0  -6.20056e-10

0.996584 0.0825793  0.0795526
1.04904 0.0869256  0.0724454
1.10149 0.0912719  0.0716337
1.15394 0.0956182  0.0699239
1.20639 0.0999645  0.0668524
1.25884 0.104311  0.0638191
1.3113 0.108657  0.060666
1.36375 0.113003  0.0576986
1.4162 0.11735  0.0553803
1.46865 0.121696  0.0535198
1.5211 0.126042  0.0518679
1.57355 0.130388  0.0503593
1.62601 0.134735  0.0490814
1.67846 0.139081  0.0478199
1.73091 0.143427  0.0464943
1.78336 0.147774  0.0452096
1.83581 0.15212  0.0440686
1.88827 0.156466  0.0429383
1.94072 0.160812  0.0417745
1.99317 0.165159  0.0409601

0.986361 0.164595  0.166303
1.03828 0.173257  0.155707
1.09019 0.18192  0.147482
1.1421 0.190583  0.140387
1.19402 0.199246  0.133963
1.24593 0.207909  0.128086
1.29784 0.216572  0.122759
1.34976 0.225235  0.117964
1.40167 0.233898  0.11358
1.45359 0.24256  0.109513
1.5055 0.251223  0.105761
1.55741 0.259886  0.102277
1.60933 0.268549  0.099011
1.66124 0.277212  0.0959839
1.71315 0.285875  0.0931979
1.76507 0.294538  0.090622
1.81698 0.303201  0.0882527
1.8689 0.311863  0.0860796
1.92081 0.320526  0.0841229
1.97272 0.329189  0.0824784

0.9694 0.245485  0.245058
1.02042 0.258406  0.232297
1.07144 0.271326  0.221032
1.12246 0.284246  0.210536
1.17348 0.297167  0.200967
1.22451 0.310087  0.192328
1.27553 0.323007  0.184515
1.32655 0.335928  0.177395
1.37757 0.348848  0.170825
1.42859 0.361768  0.164696
1.47961 0.374688  0.158979
1.53063 0.387609  0.153651
1.58165 0.400529  0.148672
1.63267 0.413449  0.144034
1.6837 0.42637  0.139716
1.73472 0.43929  0.135722
1.78574 0.45221  0.13206
1.83676 0.46513  0.128691
1.88778 0.478051  0.125584
1.9388 0.490971  0.122812

0.945817 0.324699  0.324692
0.995597 0.341789  0.308124
1.04538 0.358878  0.293077
1.09516 0.375968  0.279569
1.14494 0.393057  0.267241
1.19472 0.410147  0.255948
1.2445 0.427236  0.245586
1.29428 0.444326  0.236028
1.34406 0.461415  0.227172
1.39384 0.478504  0.218938
1.44362 0.495594  0.211277
1.4934 0.512683  0.20415
1.54318 0.529773  0.197518
1.59296 0.546862  0.191338
1.64274 0.563952  0.185567
1.69252 0.581041  0.180186
1.74229 0.598131  0.175192
1.79207 0.61522  0.170569
1.84185 0.632309  0.166265
1.89163 0.649399  0.162319

0.915773 0.401695  0.401566
0.963972 0.422837  0.382522
1.01217 0.443979  0.364038
1.06037 0.465121  0.347202
1.10857 0.486263  0.331909
1.15677 0.507405  0.317897
1.20496 0.528547  0.305001
1.25316 0.549688  0.293099
1.30136 0.57083  0.282085
1.34956 0.591972  0.271861
1.39776 0.613114  0.262348
1.44596 0.634256  0.253494
1.49416 0.655398  0.245242
1.54236 0.67654  0.237535
1.59055 0.697682  0.23033
1.63875 0.718823  0.223569
1.68695 0.739965  0.217216
1.73515 0.761107  0.211271
1.78335 0.782249  0.205754
1.83155 0.803391  0.200811

0.879474 0.475947  0.476094
0.925762 0.500997  0.454364
0.97205 0.526047  0.432247
1.01834 0.551097  0.412216
1.06463 0.576147  0.39414
1.11091 0.601197  0.377555
1.1572 0.626247  0.362255
1.20349 0.651296  0.348127
1.24978 0.676346  0.335051
1.29607 0.701396  0.322915
1.34235 0.726446  0.311625
1.38864 0.751496  0.301096
1.43493 0.776546  0.29126
1.48122 0.801596  0.28206
1.52751 0.826645  0.273442
1.5738 0.851695  0.265363
1.62008 0.876745  0.257799
1.66637 0.901795  0.250747
1.71266 0.926845  0.244249
1.75895 0.951895  0.238365

0.837166 0.546948  0.546688
0.881228 0.575735  0.521736
0.925289 0.604522  0.496746
0.969351 0.633308  0.474194
1.01341 0.662095  0.4536
1.05747 0.690882  0.434583
1.10153 0.719669  0.417002
1.1456 0.748455  0.400739
1.18966 0.777242  0.38568
1.23372 0.806029  0.371699
1.27778 0.834816  0.358684
1.32184 0.863602  0.346541
1.3659 0.892389  0.335187
1.40996 0.921176  0.324548
1.45403 0.949963  0.314567
1.49809 0.978749  0.305199
1.54215 1.00754  0.296401
1.58621 1.03632  0.28813
1.63027 1.06511  0.280459
1.67433 1.0939  0.273614

0.789141 0.614213  0.614045
0.830674 0.64654  0.586413
0.872208 0.678867  0.558344
0.913742 0.711194  0.533065
0.955275 0.743521  0.509864
0.996809 0.775848  0.488469
1.03834 0.808175  0.468747
1.07988 0.840502  0.450493
1.12141 0.872829  0.43357
1.16294 0.905156  0.417852
1.20448 0.937483  0.403214
1.24601 0.96981  0.389546
1.28755 1.00214  0.376753
1.32908 1.03446  0.364754
1.37061 1.06679  0.353476
1.41215 1.09912  0.342857
1.45368 1.13144  0.332873
1.49521 1.16377  0.323531
1.53675 1.1961  0.314899
1.57828 1.22843  0.307197

0.735724 0.677282  0.677452
0.774446 0.712928  0.6487
0.813169 0.748574  0.617723
0.851891 0.784221  0.588798
0.890613 0.819867  0.562685
0.929335 0.855514  0.538952
0.968058 0.89116  0.517165
1.00678 0.926806  0.497051
1.0455 0.962453  0.478424
1.08422 0.998099  0.46111
1.12295 1.03375  0.444965
1.16167 1.06939  0.429876
1.20039 1.10504  0.415749
1.23911 1.14068  0.402502
1.27784 1.17633  0.390064
1.31656 1.21198  0.378389
1.35528 1.24762  0.367432
1.394 1.28327  0.35713
1.43273 1.31892  0.347443
1.47145 1.35456  0.338687

0.677282 0.735724  0.735429
0.712928 0.774446  0.703389
0.748574 0.813169  0.669908
0.784221 0.851891  0.639184
0.819867 0.890613  0.611192
0.855514 0.929335  0.585504
0.89116 0.968058  0.561888
0.926806 1.00678  0.540093
0.962453 1.0455  0.519881
0.998099 1.08422  0.501072
1.03375 1.12295  0.483532
1.06939 1.16167  0.467139
1.10504 1.20039  0.451792
1.14068 1.23911  0.437409
1.17633 1.27784  0.423921
1.21198 1.31656  0.411273
1.24762 1.35528  0.399411
1.28327 1.394  0.38829
1.31892 1.43273  0.377928
1.35456 1.47145  0.368461

0.614213 0.789141  0.789134
0.64654 0.830674  0.752698
0.678867 0.872208  0.716442
0.711194 0.913742  0.684379
0.743521 0.955275  0.655043
0.775848 0.996809  0.627848
0.808175 1.03834  0.602682
0.840502 1.07988  0.579365
0.872829 1.12141  0.557696
0.905156 1.16294  0.537501
0.937483 1.20448  0.518653
0.96981 1.24601  0.501041
1.00214 1.28755  0.484563
1.03446 1.32908  0.469119
1.06679 1.37061  0.454624
1.09912 1.41215  0.441018
1.13144 1.45368  0.428233
1.16377 1.49521  0.416164
1.1961 1.53675  0.404808
1.22843 1.57828  0.394615

0.546948 0.837166  0.837131
0.575735 0.881228  0.799848
0.604522 0.925289  0.761163
0.633308 0.969351  0.726411
0.662095 1.01341  0.69505
0.690882 1.05747  0.666198
0.719669 1.10153  0.639485
0.748455 1.1456  0.614708
0.777242 1.18966  0.591684
0.806029 1.23372  0.570226
0.834816 1.27778  0.550187
0.863602 1.32184  0.531463
0.892389 1.3659  0.513936
0.921176 1.40996  0.497488
0.949963 1.45403  0.482025
0.978749 1.49809  0.467478
1.00754 1.54215  0.453809
1.03632 1.58621  0.441005
1.06511 1.63027  0.42916
1.0939 1.67433  0.418641

0.475947 0.879474  0.880023
0.500997 0.925762  0.839921
0.526047 0.97205  0.799304
0.551097 1.01834  0.763233
0.576147 1.06463  0.730329
0.601197 1.11091  0.699922
0.626247 1.1572  0.671818
0.651296 1.20349  0.645748
0.676346 1.24978  0.621512
0.701396 1.29607  0.598949
0.726446 1.34235  0.577887
0.751496 1.38864  0.558204
0.776546 1.43493  0.539782
0.801596 1.48122  0.522508
0.826645 1.52751  0.506296
0.851695 1.5738  0.491082
0.876745 1.62008  0.476843
0.901795 1.66637  0.463601
0.926845 1.71266  0.451398
0.951895 1.75895  0.440391

0.401695 0.915773  0.912936
0.422837 0.963972  0.873004
0.443979 1.01217  0.832664
0.465121 1.06037  0.795261
0.486263 1.10857  0.760787
0.507405 1.15677  0.728936
0.528547 1.20496  0.699551
0.549688 1.25316  0.672365
0.57083 1.30136  0.647112
0.591972 1.34956  0.623579
0.613114 1.39776  0.601611
0.634256 1.44596  0.581091
0.655398 1.49416  0.561897
0.67654 1.54236  0.543905
0.697682 1.59055  0.527004
0.718823 1.63875  0.511105
0.739965 1.68695  0.496161
0.761107 1.73515  0.482158
0.782249 1.78335  0.469244
0.803391 1.83155  0.45787

0.324699 0.945817  0.946319
0.341789 0.995597  0.90477
0.358878 1.04538  0.861397
0.375968 1.09516  0.821918
0.393057 1.14494  0.786067
0.410147 1.19472  0.753024
0.427236 1.2445  0.722471
0.444326 1.29428  0.694239
0.461415 1.34406  0.668093
0.478504 1.39384  0.643753
0.495594 1.44362  0.621039
0.512683 1.4934  0.599829
0.529773 1.54318  0.580006
0.546862 1.59296  0.561448
0.563952 1.64274  0.544049
0.581041 1.69252  0.52774
0.598131 1.74229  0.512472
0.61522 1.79207  0.49814
0.632309 1.84185  0.484731
0.649399 1.89163  0.472923

0.245485 0.9694  0.970076
0.258406 1.02042  0.928454
0.271326 1.07144  0.883208
0.284246 1.12246  0.842496
0.297167 1.17348  0.805573
0.310087 1.22451  0.771547
0.323007 1.27553  0.740197
0.335928 1.32655  0.711216
0.348848 1.37757  0.684314
0.361768 1.42859  0.659281
0.374688 1.47961  0.635961
0.387609 1.53063  0.614213
0.400529 1.58165  0.593894
0.413449 1.63267  0.574883
0.42637 1.6837  0.557073
0.43929 1.73472  0.540359
0.45221 1.78574  0.524632
0.46513 1.83676  0.509863
0.478051 1.88778  0.496313
0.490971 1.9388  0.484617

0.164595 0.986361  0.985364
0.173257 1.03828  0.946136
0.18192 1.09019  0.90117
0.190583 1.1421  0.858451
0.199246 1.19402  0.819665
0.207909 1.24593  0.784541
0.216572 1.29784  0.752486
0.225235 1.34976  0.722918
0.233898 1.40167  0.695489
0.24256 1.45359  0.67002
0.251223 1.5055  0.646331
0.259886 1.55741  0.624223
0.268549 1.60933  0.603526
0.277212 1.66124  0.584107
0.285875 1.71315  0.565879
0.294538 1.76507  0.548812
0.303201 1.81698  0.532958
0.311863 1.8689  0.518429
0.320526 1.92081  0.50539
0.329189 1.97272  0.494025

0.0825793 0.996584  0.997566
0.0869256 1.04904  0.957591
0.0912719 1.10149  0.910033
0.0956182 1.15394  0.865382
0.0999645 1.20639  0.82618
0.104311 1.25884  0.791007
0.108657 1.3113  0.758812
0.113003 1.36375  0.729222
0.11735 1.4162  0.701541
0.121696 1.46865  0.675695
0.126042 1.5211  0.651942
0.130388 1.57355  0.629945
0.134735 1.62601  0.609138
0.139081 1.67846  0.589334
0.143427 1.73091  0.570656
0.147774 1.78336  0.553317
0.15212 1.83581  0.53741
0.156466 1.88827  0.522705
0.160812 1.94072  0.509499
0.165159 1.99317  0.498389

6.12303e-17 1  1
6.4453e-17 1.05263  0.957021
6.76756e-17 1.10526  0.905402
7.08983e-17 1.15789  0.861743
7.41209e-17 1.21053  0.825768
7.73436e-17 1.26316  0.792077
8.05662e-17 1.31579  0.759994
8.37889e-17 1.36842  0.731116
8.70115e-17 1.42105  0.70399
9.02342e-17 1.47368  0.678345
9.34568e-17 1.52632  0.65499
9.66794e-17 1.57895  0.633516
9.99021e-17 1.63158  0.613142
1.03125e-16 1.68421  0.593658
1.06347e-16 1.73684  0.575603
1.0957e-16 1.78947  0.558911
1.12793e-16 1.84211  0.543303
1.16015e-16 1.89474  0.527645
1.19238e-16 1.94737  0.512028
1.22461e-16 2  0.5

